time_step,method,task_id,position,urgency,duration
0,Greedy,T1,"(41, 31)",9,22.0
0,Greedy,T2,"(44, 72)",8,28.0
0,Greedy,T3,"(53, 43)",8,11.0
0,Greedy,T4,"(0, 73)",10,14.0
0,Greedy,T5,"(65, 63)",1,23.0
0,Greedy,T6,"(6, 87)",4,16.0
0,Greedy,T7,"(47, 28)",3,26.0
0,Greedy,T8,"(6, 19)",3,17.0
0,Greedy,T9,"(80, 75)",8,10.0
0,Greedy,T10,"(69, 54)",10,16.0
0,Auction,T1,"(41, 31)",9,22.0
0,Auction,T2,"(44, 72)",8,28.0
0,Auction,T3,"(53, 43)",8,11.0
0,Auction,T4,"(0, 73)",10,14.0
0,Auction,T5,"(65, 63)",1,23.0
0,Auction,T6,"(6, 87)",4,16.0
0,Auction,T7,"(47, 28)",3,26.0
0,Auction,T8,"(6, 19)",3,17.0
0,Auction,T9,"(80, 75)",8,10.0
0,Auction,T10,"(69, 54)",10,16.0
0,Q-Learning,T1,"(41, 31)",9,22.0
0,Q-Learning,T2,"(44, 72)",8,28.0
0,Q-Learning,T3,"(53, 43)",8,11.0
0,Q-Learning,T4,"(0, 73)",10,14.0
0,Q-Learning,T5,"(65, 63)",1,23.0
0,Q-Learning,T6,"(6, 87)",4,16.0
0,Q-Learning,T7,"(47, 28)",3,26.0
0,Q-Learning,T8,"(6, 19)",3,17.0
0,Q-Learning,T9,"(80, 75)",8,10.0
0,Q-Learning,T10,"(69, 54)",10,16.0
1,Greedy,T5,"(65, 63)",2,23.0
1,Auction,T8,"(6, 19)",4,17.0
1,Q-Learning,T2,"(44, 72)",9,28.0
1,Q-Learning,T3,"(53, 43)",9,11.0
1,Q-Learning,T6,"(6, 87)",5,16.0
1,Q-Learning,T8,"(6, 19)",4,17.0
1,Q-Learning,T9,"(80, 75)",9,10.0
2,Greedy,T5,"(65, 63)",3,23.0
2,Greedy,E2,"(95, 26)",8,27.0
2,Auction,T8,"(6, 19)",5,17.0
2,Auction,E2,"(95, 26)",8,27.0
2,Q-Learning,T6,"(6, 87)",6,16.0
2,Q-Learning,T8,"(6, 19)",5,17.0
2,Q-Learning,T9,"(80, 75)",10,10.0
2,Q-Learning,E2,"(95, 26)",8,27.0
3,Greedy,T5,"(65, 63)",4,23.0
3,Greedy,E2,"(95, 26)",9,27.0
3,Greedy,E3,"(51, 80)",4,30.0
3,Auction,T8,"(6, 19)",6,17.0
3,Auction,E2,"(95, 26)",9,27.0
3,Auction,E3,"(51, 80)",4,30.0
3,Q-Learning,T6,"(6, 87)",7,16.0
3,Q-Learning,T8,"(6, 19)",6,17.0
3,Q-Learning,E2,"(95, 26)",9,27.0
3,Q-Learning,E3,"(51, 80)",4,30.0
4,Greedy,T5,"(65, 63)",5,23.0
4,Greedy,E2,"(95, 26)",10,27.0
4,Greedy,E3,"(51, 80)",5,30.0
4,Auction,T8,"(6, 19)",7,17.0
4,Auction,E2,"(95, 26)",10,27.0
4,Auction,E3,"(51, 80)",5,30.0
4,Q-Learning,T6,"(6, 87)",8,16.0
4,Q-Learning,T8,"(6, 19)",7,17.0
4,Q-Learning,E3,"(51, 80)",5,30.0
5,Greedy,T5,"(65, 63)",6,23.0
5,Greedy,E2,"(95, 26)",11,27.0
5,Greedy,E3,"(51, 80)",6,30.0
5,Greedy,E4,"(84, 24)",7,22.0
5,Auction,T8,"(6, 19)",8,17.0
5,Auction,E2,"(95, 26)",11,27.0
5,Auction,E3,"(51, 80)",6,30.0
5,Auction,E4,"(84, 24)",7,22.0
5,Q-Learning,T6,"(6, 87)",9,16.0
5,Q-Learning,T8,"(6, 19)",8,17.0
5,Q-Learning,E3,"(51, 80)",6,30.0
5,Q-Learning,E4,"(84, 24)",7,22.0
6,Greedy,T5,"(65, 63)",7,23.0
6,Greedy,E2,"(95, 26)",12,27.0
6,Greedy,E3,"(51, 80)",7,30.0
6,Greedy,E4,"(84, 24)",8,22.0
6,Greedy,E5,"(65, 71)",5,25.0
6,Auction,T8,"(6, 19)",9,17.0
6,Auction,E2,"(95, 26)",12,27.0
6,Auction,E3,"(51, 80)",7,30.0
6,Auction,E4,"(84, 24)",8,22.0
6,Auction,E5,"(65, 71)",5,25.0
6,Q-Learning,T6,"(6, 87)",10,16.0
6,Q-Learning,T8,"(6, 19)",9,17.0
6,Q-Learning,E3,"(51, 80)",7,30.0
6,Q-Learning,E4,"(84, 24)",8,22.0
6,Q-Learning,E5,"(65, 71)",5,25.0
7,Greedy,T5,"(65, 63)",8,23.0
7,Greedy,E2,"(95, 26)",13,27.0
7,Greedy,E3,"(51, 80)",8,30.0
7,Greedy,E4,"(84, 24)",9,22.0
7,Greedy,E5,"(65, 71)",6,25.0
7,Auction,T8,"(6, 19)",10,17.0
7,Auction,E2,"(95, 26)",13,27.0
7,Auction,E3,"(51, 80)",8,30.0
7,Auction,E4,"(84, 24)",9,22.0
7,Auction,E5,"(65, 71)",6,25.0
7,Q-Learning,T6,"(6, 87)",11,16.0
7,Q-Learning,T8,"(6, 19)",10,17.0
7,Q-Learning,E3,"(51, 80)",8,30.0
7,Q-Learning,E4,"(84, 24)",9,22.0
7,Q-Learning,E5,"(65, 71)",6,25.0
8,Greedy,T5,"(65, 63)",9,23.0
8,Greedy,E2,"(95, 26)",14,27.0
8,Greedy,E3,"(51, 80)",9,30.0
8,Greedy,E4,"(84, 24)",10,22.0
8,Greedy,E5,"(65, 71)",7,25.0
8,Greedy,E6,"(97, 44)",6,25.0
8,Auction,T8,"(6, 19)",11,17.0
8,Auction,E2,"(95, 26)",14,27.0
8,Auction,E3,"(51, 80)",9,30.0
8,Auction,E4,"(84, 24)",10,22.0
8,Auction,E5,"(65, 71)",7,25.0
8,Auction,E6,"(97, 44)",6,25.0
8,Q-Learning,T6,"(6, 87)",12,16.0
8,Q-Learning,T8,"(6, 19)",11,17.0
8,Q-Learning,E3,"(51, 80)",9,30.0
8,Q-Learning,E4,"(84, 24)",10,22.0
8,Q-Learning,E5,"(65, 71)",7,25.0
8,Q-Learning,E6,"(97, 44)",6,25.0
9,Greedy,T5,"(65, 63)",10,23.0
9,Greedy,E2,"(95, 26)",15,27.0
9,Greedy,E3,"(51, 80)",10,30.0
9,Greedy,E4,"(84, 24)",11,22.0
9,Greedy,E5,"(65, 71)",8,25.0
9,Greedy,E6,"(97, 44)",7,25.0
9,Auction,T8,"(6, 19)",12,17.0
9,Auction,E2,"(95, 26)",15,27.0
9,Auction,E3,"(51, 80)",10,30.0
9,Auction,E4,"(84, 24)",11,22.0
9,Auction,E5,"(65, 71)",8,25.0
9,Auction,E6,"(97, 44)",7,25.0
9,Q-Learning,T6,"(6, 87)",13,16.0
9,Q-Learning,T8,"(6, 19)",12,17.0
9,Q-Learning,E3,"(51, 80)",10,30.0
9,Q-Learning,E4,"(84, 24)",11,22.0
9,Q-Learning,E5,"(65, 71)",8,25.0
9,Q-Learning,E6,"(97, 44)",7,25.0
10,Greedy,T5,"(65, 63)",11,23.0
10,Greedy,E2,"(95, 26)",16,27.0
10,Greedy,E3,"(51, 80)",11,30.0
10,Greedy,E4,"(84, 24)",12,22.0
10,Greedy,E5,"(65, 71)",9,25.0
10,Greedy,E6,"(97, 44)",8,25.0
10,Greedy,E7,"(24, 46)",3,14.0
10,Auction,T8,"(6, 19)",13,17.0
10,Auction,E2,"(95, 26)",16,27.0
10,Auction,E3,"(51, 80)",11,30.0
10,Auction,E4,"(84, 24)",12,22.0
10,Auction,E5,"(65, 71)",9,25.0
10,Auction,E6,"(97, 44)",8,25.0
10,Auction,E7,"(24, 46)",3,14.0
10,Q-Learning,T6,"(6, 87)",14,16.0
10,Q-Learning,T8,"(6, 19)",13,17.0
10,Q-Learning,E3,"(51, 80)",11,30.0
10,Q-Learning,E4,"(84, 24)",12,22.0
10,Q-Learning,E5,"(65, 71)",9,25.0
10,Q-Learning,E6,"(97, 44)",8,25.0
10,Q-Learning,E7,"(24, 46)",3,14.0
11,Greedy,T5,"(65, 63)",12,23.0
11,Greedy,E2,"(95, 26)",17,27.0
11,Greedy,E3,"(51, 80)",12,30.0
11,Greedy,E4,"(84, 24)",13,22.0
11,Greedy,E5,"(65, 71)",10,25.0
11,Greedy,E6,"(97, 44)",9,25.0
11,Greedy,E7,"(24, 46)",4,14.0
11,Auction,T8,"(6, 19)",14,17.0
11,Auction,E2,"(95, 26)",17,27.0
11,Auction,E3,"(51, 80)",12,30.0
11,Auction,E4,"(84, 24)",13,22.0
11,Auction,E5,"(65, 71)",10,25.0
11,Auction,E6,"(97, 44)",9,25.0
11,Auction,E7,"(24, 46)",4,14.0
11,Q-Learning,T6,"(6, 87)",15,16.0
11,Q-Learning,T8,"(6, 19)",14,17.0
11,Q-Learning,E3,"(51, 80)",12,30.0
11,Q-Learning,E4,"(84, 24)",13,22.0
11,Q-Learning,E5,"(65, 71)",10,25.0
11,Q-Learning,E6,"(97, 44)",9,25.0
11,Q-Learning,E7,"(24, 46)",4,14.0
12,Greedy,T5,"(65, 63)",13,23.0
12,Greedy,E2,"(95, 26)",18,27.0
12,Greedy,E3,"(51, 80)",13,30.0
12,Greedy,E4,"(84, 24)",14,22.0
12,Greedy,E5,"(65, 71)",11,25.0
12,Greedy,E6,"(97, 44)",10,25.0
12,Greedy,E7,"(24, 46)",5,14.0
12,Greedy,E8,"(57, 77)",8,14.0
12,Auction,T8,"(6, 19)",15,17.0
12,Auction,E2,"(95, 26)",18,27.0
12,Auction,E3,"(51, 80)",13,30.0
12,Auction,E4,"(84, 24)",14,22.0
12,Auction,E5,"(65, 71)",11,25.0
12,Auction,E6,"(97, 44)",10,25.0
12,Auction,E7,"(24, 46)",5,14.0
12,Auction,E8,"(57, 77)",8,14.0
12,Q-Learning,T6,"(6, 87)",16,16.0
12,Q-Learning,T8,"(6, 19)",15,17.0
12,Q-Learning,E3,"(51, 80)",13,30.0
12,Q-Learning,E4,"(84, 24)",14,22.0
12,Q-Learning,E5,"(65, 71)",11,25.0
12,Q-Learning,E6,"(97, 44)",10,25.0
12,Q-Learning,E7,"(24, 46)",5,14.0
12,Q-Learning,E8,"(57, 77)",8,14.0
13,Greedy,T5,"(65, 63)",14,23.0
13,Greedy,E2,"(95, 26)",19,27.0
13,Greedy,E3,"(51, 80)",14,30.0
13,Greedy,E4,"(84, 24)",15,22.0
13,Greedy,E5,"(65, 71)",12,25.0
13,Greedy,E6,"(97, 44)",11,25.0
13,Greedy,E7,"(24, 46)",6,14.0
13,Greedy,E8,"(57, 77)",9,14.0
13,Auction,T8,"(6, 19)",16,17.0
13,Auction,E2,"(95, 26)",19,27.0
13,Auction,E3,"(51, 80)",14,30.0
13,Auction,E4,"(84, 24)",15,22.0
13,Auction,E5,"(65, 71)",12,25.0
13,Auction,E6,"(97, 44)",11,25.0
13,Auction,E7,"(24, 46)",6,14.0
13,Auction,E8,"(57, 77)",9,14.0
13,Q-Learning,T6,"(6, 87)",17,16.0
13,Q-Learning,T8,"(6, 19)",16,17.0
13,Q-Learning,E3,"(51, 80)",14,30.0
13,Q-Learning,E4,"(84, 24)",15,22.0
13,Q-Learning,E5,"(65, 71)",12,25.0
13,Q-Learning,E6,"(97, 44)",11,25.0
13,Q-Learning,E7,"(24, 46)",6,14.0
13,Q-Learning,E8,"(57, 77)",9,14.0
14,Greedy,T5,"(65, 63)",15,23.0
14,Greedy,E2,"(95, 26)",20,27.0
14,Greedy,E3,"(51, 80)",15,30.0
14,Greedy,E4,"(84, 24)",16,22.0
14,Greedy,E5,"(65, 71)",13,25.0
14,Greedy,E6,"(97, 44)",12,25.0
14,Greedy,E7,"(24, 46)",7,14.0
14,Greedy,E8,"(57, 77)",10,14.0
14,Greedy,E9,"(68, 36)",5,22.0
14,Auction,T8,"(6, 19)",17,17.0
14,Auction,E2,"(95, 26)",20,27.0
14,Auction,E3,"(51, 80)",15,30.0
14,Auction,E4,"(84, 24)",16,22.0
14,Auction,E5,"(65, 71)",13,25.0
14,Auction,E6,"(97, 44)",12,25.0
14,Auction,E7,"(24, 46)",7,14.0
14,Auction,E8,"(57, 77)",10,14.0
14,Auction,E9,"(68, 36)",5,22.0
14,Q-Learning,T6,"(6, 87)",18,16.0
14,Q-Learning,T8,"(6, 19)",17,17.0
14,Q-Learning,E3,"(51, 80)",15,30.0
14,Q-Learning,E4,"(84, 24)",16,22.0
14,Q-Learning,E5,"(65, 71)",13,25.0
14,Q-Learning,E6,"(97, 44)",12,25.0
14,Q-Learning,E7,"(24, 46)",7,14.0
14,Q-Learning,E8,"(57, 77)",10,14.0
14,Q-Learning,E9,"(68, 36)",5,22.0
15,Greedy,T5,"(65, 63)",16,23.0
15,Greedy,E2,"(95, 26)",21,27.0
15,Greedy,E3,"(51, 80)",16,30.0
15,Greedy,E4,"(84, 24)",17,22.0
15,Greedy,E5,"(65, 71)",14,25.0
15,Greedy,E6,"(97, 44)",13,25.0
15,Greedy,E7,"(24, 46)",8,14.0
15,Greedy,E8,"(57, 77)",11,14.0
15,Greedy,E9,"(68, 36)",6,22.0
15,Auction,T8,"(6, 19)",18,17.0
15,Auction,E2,"(95, 26)",21,27.0
15,Auction,E3,"(51, 80)",16,30.0
15,Auction,E4,"(84, 24)",17,22.0
15,Auction,E5,"(65, 71)",14,25.0
15,Auction,E6,"(97, 44)",13,25.0
15,Auction,E7,"(24, 46)",8,14.0
15,Auction,E8,"(57, 77)",11,14.0
15,Auction,E9,"(68, 36)",6,22.0
15,Q-Learning,T6,"(6, 87)",19,16.0
15,Q-Learning,T8,"(6, 19)",18,17.0
15,Q-Learning,E3,"(51, 80)",16,30.0
15,Q-Learning,E4,"(84, 24)",17,22.0
15,Q-Learning,E5,"(65, 71)",14,25.0
15,Q-Learning,E6,"(97, 44)",13,25.0
15,Q-Learning,E7,"(24, 46)",8,14.0
15,Q-Learning,E8,"(57, 77)",11,14.0
15,Q-Learning,E9,"(68, 36)",6,22.0
16,Greedy,T5,"(65, 63)",17,23.0
16,Greedy,E3,"(51, 80)",17,30.0
16,Greedy,E4,"(84, 24)",18,22.0
16,Greedy,E5,"(65, 71)",15,25.0
16,Greedy,E6,"(97, 44)",14,25.0
16,Greedy,E7,"(24, 46)",9,14.0
16,Greedy,E8,"(57, 77)",12,14.0
16,Greedy,E9,"(68, 36)",7,22.0
16,Greedy,E10,"(9, 33)",4,16.0
16,Auction,T8,"(6, 19)",19,17.0
16,Auction,E2,"(95, 26)",22,27.0
16,Auction,E3,"(51, 80)",17,30.0
16,Auction,E5,"(65, 71)",15,25.0
16,Auction,E6,"(97, 44)",14,25.0
16,Auction,E7,"(24, 46)",9,14.0
16,Auction,E8,"(57, 77)",12,14.0
16,Auction,E9,"(68, 36)",7,22.0
16,Auction,E10,"(9, 33)",4,16.0
16,Q-Learning,T6,"(6, 87)",20,16.0
16,Q-Learning,T8,"(6, 19)",19,17.0
16,Q-Learning,E3,"(51, 80)",17,30.0
16,Q-Learning,E4,"(84, 24)",18,22.0
16,Q-Learning,E5,"(65, 71)",15,25.0
16,Q-Learning,E6,"(97, 44)",14,25.0
16,Q-Learning,E7,"(24, 46)",9,14.0
16,Q-Learning,E8,"(57, 77)",12,14.0
16,Q-Learning,E9,"(68, 36)",7,22.0
16,Q-Learning,E10,"(9, 33)",4,16.0
17,Greedy,E3,"(51, 80)",18,30.0
17,Greedy,E5,"(65, 71)",16,25.0
17,Greedy,E6,"(97, 44)",15,25.0
17,Greedy,E7,"(24, 46)",10,14.0
17,Greedy,E8,"(57, 77)",13,14.0
17,Greedy,E9,"(68, 36)",8,22.0
17,Greedy,E10,"(9, 33)",5,16.0
17,Auction,T8,"(6, 19)",20,17.0
17,Auction,E2,"(95, 26)",23,27.0
17,Auction,E6,"(97, 44)",15,25.0
17,Auction,E7,"(24, 46)",10,14.0
17,Auction,E8,"(57, 77)",13,14.0
17,Auction,E9,"(68, 36)",8,22.0
17,Auction,E10,"(9, 33)",5,16.0
17,Q-Learning,T8,"(6, 19)",20,17.0
17,Q-Learning,E3,"(51, 80)",18,30.0
17,Q-Learning,E4,"(84, 24)",19,22.0
17,Q-Learning,E5,"(65, 71)",16,25.0
17,Q-Learning,E6,"(97, 44)",15,25.0
17,Q-Learning,E7,"(24, 46)",10,14.0
17,Q-Learning,E8,"(57, 77)",13,14.0
17,Q-Learning,E10,"(9, 33)",5,16.0
18,Greedy,E3,"(51, 80)",19,30.0
18,Greedy,E5,"(65, 71)",17,25.0
18,Greedy,E6,"(97, 44)",16,25.0
18,Greedy,E7,"(24, 46)",11,14.0
18,Greedy,E8,"(57, 77)",14,14.0
18,Greedy,E9,"(68, 36)",9,22.0
18,Greedy,E10,"(9, 33)",6,16.0
18,Greedy,E11,"(19, 62)",2,23.0
18,Auction,T8,"(6, 19)",21,17.0
18,Auction,E2,"(95, 26)",24,27.0
18,Auction,E6,"(97, 44)",16,25.0
18,Auction,E7,"(24, 46)",11,14.0
18,Auction,E8,"(57, 77)",14,14.0
18,Auction,E9,"(68, 36)",9,22.0
18,Auction,E10,"(9, 33)",6,16.0
18,Auction,E11,"(19, 62)",2,23.0
18,Q-Learning,T8,"(6, 19)",21,17.0
18,Q-Learning,E3,"(51, 80)",19,30.0
18,Q-Learning,E4,"(84, 24)",20,22.0
18,Q-Learning,E5,"(65, 71)",17,25.0
18,Q-Learning,E6,"(97, 44)",16,25.0
18,Q-Learning,E7,"(24, 46)",11,14.0
18,Q-Learning,E8,"(57, 77)",14,14.0
18,Q-Learning,E10,"(9, 33)",6,16.0
18,Q-Learning,E11,"(19, 62)",2,23.0
19,Greedy,E5,"(65, 71)",18,25.0
19,Greedy,E6,"(97, 44)",17,25.0
19,Greedy,E7,"(24, 46)",12,14.0
19,Greedy,E8,"(57, 77)",15,14.0
19,Greedy,E9,"(68, 36)",10,22.0
19,Greedy,E10,"(9, 33)",7,16.0
19,Greedy,E11,"(19, 62)",3,23.0
19,Auction,T8,"(6, 19)",22,17.0
19,Auction,E6,"(97, 44)",17,25.0
19,Auction,E7,"(24, 46)",12,14.0
19,Auction,E8,"(57, 77)",15,14.0
19,Auction,E9,"(68, 36)",10,22.0
19,Auction,E10,"(9, 33)",7,16.0
19,Auction,E11,"(19, 62)",3,23.0
19,Q-Learning,E3,"(51, 80)",20,30.0
19,Q-Learning,E4,"(84, 24)",21,22.0
19,Q-Learning,E5,"(65, 71)",18,25.0
19,Q-Learning,E6,"(97, 44)",17,25.0
19,Q-Learning,E7,"(24, 46)",12,14.0
19,Q-Learning,E8,"(57, 77)",15,14.0
19,Q-Learning,E10,"(9, 33)",7,16.0
19,Q-Learning,E11,"(19, 62)",3,23.0
20,Greedy,E5,"(65, 71)",19,25.0
20,Greedy,E6,"(97, 44)",18,25.0
20,Greedy,E7,"(24, 46)",13,14.0
20,Greedy,E8,"(57, 77)",16,14.0
20,Greedy,E9,"(68, 36)",11,22.0
20,Greedy,E10,"(9, 33)",8,16.0
20,Greedy,E11,"(19, 62)",4,23.0
20,Auction,T8,"(6, 19)",23,17.0
20,Auction,E6,"(97, 44)",18,25.0
20,Auction,E7,"(24, 46)",13,14.0
20,Auction,E8,"(57, 77)",16,14.0
20,Auction,E9,"(68, 36)",11,22.0
20,Auction,E10,"(9, 33)",8,16.0
20,Auction,E11,"(19, 62)",4,23.0
20,Q-Learning,E3,"(51, 80)",21,30.0
20,Q-Learning,E4,"(84, 24)",22,22.0
20,Q-Learning,E5,"(65, 71)",19,25.0
20,Q-Learning,E6,"(97, 44)",18,25.0
20,Q-Learning,E7,"(24, 46)",13,14.0
20,Q-Learning,E8,"(57, 77)",16,14.0
20,Q-Learning,E10,"(9, 33)",8,16.0
20,Q-Learning,E11,"(19, 62)",4,23.0
21,Greedy,E6,"(97, 44)",19,25.0
21,Greedy,E7,"(24, 46)",14,14.0
21,Greedy,E8,"(57, 77)",17,14.0
21,Greedy,E9,"(68, 36)",12,22.0
21,Greedy,E10,"(9, 33)",9,16.0
21,Greedy,E11,"(19, 62)",5,23.0
21,Auction,E6,"(97, 44)",19,25.0
21,Auction,E7,"(24, 46)",14,14.0
21,Auction,E8,"(57, 77)",17,14.0
21,Auction,E9,"(68, 36)",12,22.0
21,Auction,E10,"(9, 33)",9,16.0
21,Auction,E11,"(19, 62)",5,23.0
21,Q-Learning,E3,"(51, 80)",22,30.0
21,Q-Learning,E4,"(84, 24)",23,22.0
21,Q-Learning,E5,"(65, 71)",20,25.0
21,Q-Learning,E6,"(97, 44)",19,25.0
21,Q-Learning,E8,"(57, 77)",17,14.0
21,Q-Learning,E10,"(9, 33)",9,16.0
21,Q-Learning,E11,"(19, 62)",5,23.0
22,Greedy,E7,"(24, 46)",15,14.0
22,Greedy,E8,"(57, 77)",18,14.0
22,Greedy,E9,"(68, 36)",13,22.0
22,Greedy,E10,"(9, 33)",10,16.0
22,Greedy,E11,"(19, 62)",6,23.0
22,Auction,E6,"(97, 44)",20,25.0
22,Auction,E7,"(24, 46)",15,14.0
22,Auction,E8,"(57, 77)",18,14.0
22,Auction,E9,"(68, 36)",13,22.0
22,Auction,E10,"(9, 33)",10,16.0
22,Auction,E11,"(19, 62)",6,23.0
22,Q-Learning,E3,"(51, 80)",23,30.0
22,Q-Learning,E4,"(84, 24)",24,22.0
22,Q-Learning,E5,"(65, 71)",21,25.0
22,Q-Learning,E6,"(97, 44)",20,25.0
22,Q-Learning,E8,"(57, 77)",18,14.0
22,Q-Learning,E10,"(9, 33)",10,16.0
22,Q-Learning,E11,"(19, 62)",6,23.0
23,Greedy,E7,"(24, 46)",16,14.0
23,Greedy,E8,"(57, 77)",19,14.0
23,Greedy,E9,"(68, 36)",14,22.0
23,Greedy,E10,"(9, 33)",11,16.0
23,Greedy,E11,"(19, 62)",7,23.0
23,Auction,E6,"(97, 44)",21,25.0
23,Auction,E7,"(24, 46)",16,14.0
23,Auction,E8,"(57, 77)",19,14.0
23,Auction,E9,"(68, 36)",14,22.0
23,Auction,E10,"(9, 33)",11,16.0
23,Auction,E11,"(19, 62)",7,23.0
23,Q-Learning,E3,"(51, 80)",24,30.0
23,Q-Learning,E4,"(84, 24)",25,22.0
23,Q-Learning,E5,"(65, 71)",22,25.0
23,Q-Learning,E6,"(97, 44)",21,25.0
23,Q-Learning,E8,"(57, 77)",19,14.0
23,Q-Learning,E10,"(9, 33)",11,16.0
23,Q-Learning,E11,"(19, 62)",7,23.0
24,Greedy,E7,"(24, 46)",17,14.0
24,Greedy,E9,"(68, 36)",15,22.0
24,Greedy,E10,"(9, 33)",12,16.0
24,Greedy,E11,"(19, 62)",8,23.0
24,Auction,E6,"(97, 44)",22,25.0
24,Auction,E8,"(57, 77)",20,14.0
24,Auction,E9,"(68, 36)",15,22.0
24,Auction,E10,"(9, 33)",12,16.0
24,Auction,E11,"(19, 62)",8,23.0
24,Q-Learning,E3,"(51, 80)",25,30.0
24,Q-Learning,E5,"(65, 71)",23,25.0
24,Q-Learning,E6,"(97, 44)",22,25.0
24,Q-Learning,E8,"(57, 77)",20,14.0
24,Q-Learning,E10,"(9, 33)",12,16.0
24,Q-Learning,E11,"(19, 62)",8,23.0
25,Greedy,E7,"(24, 46)",18,14.0
25,Greedy,E9,"(68, 36)",16,22.0
25,Greedy,E10,"(9, 33)",13,16.0
25,Greedy,E11,"(19, 62)",9,23.0
25,Auction,E6,"(97, 44)",23,25.0
25,Auction,E8,"(57, 77)",21,14.0
25,Auction,E9,"(68, 36)",16,22.0
25,Auction,E10,"(9, 33)",13,16.0
25,Auction,E11,"(19, 62)",9,23.0
25,Q-Learning,E3,"(51, 80)",26,30.0
25,Q-Learning,E6,"(97, 44)",23,25.0
25,Q-Learning,E8,"(57, 77)",21,14.0
25,Q-Learning,E10,"(9, 33)",13,16.0
25,Q-Learning,E11,"(19, 62)",9,23.0
26,Greedy,E7,"(24, 46)",19,14.0
26,Greedy,E9,"(68, 36)",17,22.0
26,Greedy,E10,"(9, 33)",14,16.0
26,Greedy,E11,"(19, 62)",10,23.0
26,Auction,E6,"(97, 44)",24,25.0
26,Auction,E9,"(68, 36)",17,22.0
26,Auction,E10,"(9, 33)",14,16.0
26,Auction,E11,"(19, 62)",10,23.0
26,Q-Learning,E3,"(51, 80)",27,30.0
26,Q-Learning,E6,"(97, 44)",24,25.0
26,Q-Learning,E8,"(57, 77)",22,14.0
26,Q-Learning,E10,"(9, 33)",14,16.0
26,Q-Learning,E11,"(19, 62)",10,23.0
27,Greedy,E7,"(24, 46)",20,14.0
27,Greedy,E9,"(68, 36)",18,22.0
27,Greedy,E10,"(9, 33)",15,16.0
27,Greedy,E11,"(19, 62)",11,23.0
27,Greedy,E12,"(1, 47)",6,21.0
27,Auction,E6,"(97, 44)",25,25.0
27,Auction,E9,"(68, 36)",18,22.0
27,Auction,E10,"(9, 33)",15,16.0
27,Auction,E11,"(19, 62)",11,23.0
27,Auction,E12,"(1, 47)",6,21.0
27,Q-Learning,E3,"(51, 80)",28,30.0
27,Q-Learning,E6,"(97, 44)",25,25.0
27,Q-Learning,E8,"(57, 77)",23,14.0
27,Q-Learning,E10,"(9, 33)",15,16.0
27,Q-Learning,E11,"(19, 62)",11,23.0
27,Q-Learning,E12,"(1, 47)",6,21.0
28,Greedy,E7,"(24, 46)",21,14.0
28,Greedy,E9,"(68, 36)",19,22.0
28,Greedy,E10,"(9, 33)",16,16.0
28,Greedy,E11,"(19, 62)",12,23.0
28,Greedy,E12,"(1, 47)",7,21.0
28,Auction,E6,"(97, 44)",26,25.0
28,Auction,E9,"(68, 36)",19,22.0
28,Auction,E10,"(9, 33)",16,16.0
28,Auction,E11,"(19, 62)",12,23.0
28,Auction,E12,"(1, 47)",7,21.0
28,Q-Learning,E3,"(51, 80)",29,30.0
28,Q-Learning,E6,"(97, 44)",26,25.0
28,Q-Learning,E8,"(57, 77)",24,14.0
28,Q-Learning,E10,"(9, 33)",16,16.0
28,Q-Learning,E11,"(19, 62)",12,23.0
28,Q-Learning,E12,"(1, 47)",7,21.0
29,Greedy,E7,"(24, 46)",22,14.0
29,Greedy,E9,"(68, 36)",20,22.0
29,Greedy,E10,"(9, 33)",17,16.0
29,Greedy,E11,"(19, 62)",13,23.0
29,Greedy,E12,"(1, 47)",8,21.0
29,Greedy,E13,"(73, 33)",9,20.0
29,Auction,E6,"(97, 44)",27,25.0
29,Auction,E9,"(68, 36)",20,22.0
29,Auction,E10,"(9, 33)",17,16.0
29,Auction,E11,"(19, 62)",13,23.0
29,Auction,E12,"(1, 47)",8,21.0
29,Auction,E13,"(73, 33)",9,20.0
29,Q-Learning,E3,"(51, 80)",30,30.0
29,Q-Learning,E6,"(97, 44)",27,25.0
29,Q-Learning,E8,"(57, 77)",25,14.0
29,Q-Learning,E10,"(9, 33)",17,16.0
29,Q-Learning,E11,"(19, 62)",13,23.0
29,Q-Learning,E12,"(1, 47)",8,21.0
29,Q-Learning,E13,"(73, 33)",9,20.0
30,Greedy,E7,"(24, 46)",23,14.0
30,Greedy,E9,"(68, 36)",21,22.0
30,Greedy,E10,"(9, 33)",18,16.0
30,Greedy,E11,"(19, 62)",14,23.0
30,Greedy,E12,"(1, 47)",9,21.0
30,Greedy,E13,"(73, 33)",10,20.0
30,Greedy,E14,"(51, 62)",5,25.0
30,Auction,E6,"(97, 44)",28,25.0
30,Auction,E9,"(68, 36)",21,22.0
30,Auction,E10,"(9, 33)",18,16.0
30,Auction,E11,"(19, 62)",14,23.0
30,Auction,E12,"(1, 47)",9,21.0
30,Auction,E13,"(73, 33)",10,20.0
30,Auction,E14,"(51, 62)",5,25.0
30,Q-Learning,E3,"(51, 80)",31,30.0
30,Q-Learning,E6,"(97, 44)",28,25.0
30,Q-Learning,E8,"(57, 77)",26,14.0
30,Q-Learning,E10,"(9, 33)",18,16.0
30,Q-Learning,E11,"(19, 62)",14,23.0
30,Q-Learning,E12,"(1, 47)",9,21.0
30,Q-Learning,E13,"(73, 33)",10,20.0
30,Q-Learning,E14,"(51, 62)",5,25.0
31,Greedy,E9,"(68, 36)",22,22.0
31,Greedy,E10,"(9, 33)",19,16.0
31,Greedy,E11,"(19, 62)",15,23.0
31,Greedy,E12,"(1, 47)",10,21.0
31,Greedy,E13,"(73, 33)",11,20.0
31,Greedy,E14,"(51, 62)",6,25.0
31,Greedy,E15,"(65, 1)",8,27.0
31,Auction,E6,"(97, 44)",29,25.0
31,Auction,E9,"(68, 36)",22,22.0
31,Auction,E10,"(9, 33)",19,16.0
31,Auction,E11,"(19, 62)",15,23.0
31,Auction,E12,"(1, 47)",10,21.0
31,Auction,E13,"(73, 33)",11,20.0
31,Auction,E14,"(51, 62)",6,25.0
31,Auction,E15,"(65, 1)",8,27.0
31,Q-Learning,E3,"(51, 80)",32,30.0
31,Q-Learning,E6,"(97, 44)",29,25.0
31,Q-Learning,E8,"(57, 77)",27,14.0
31,Q-Learning,E10,"(9, 33)",19,16.0
31,Q-Learning,E11,"(19, 62)",15,23.0
31,Q-Learning,E12,"(1, 47)",10,21.0
31,Q-Learning,E13,"(73, 33)",11,20.0
31,Q-Learning,E14,"(51, 62)",6,25.0
31,Q-Learning,E15,"(65, 1)",8,27.0
32,Greedy,E9,"(68, 36)",23,22.0
32,Greedy,E10,"(9, 33)",20,16.0
32,Greedy,E11,"(19, 62)",16,23.0
32,Greedy,E12,"(1, 47)",11,21.0
32,Greedy,E13,"(73, 33)",12,20.0
32,Greedy,E14,"(51, 62)",7,25.0
32,Greedy,E15,"(65, 1)",9,27.0
32,Greedy,E16,"(36, 44)",6,29.0
32,Auction,E6,"(97, 44)",30,25.0
32,Auction,E9,"(68, 36)",23,22.0
32,Auction,E10,"(9, 33)",20,16.0
32,Auction,E11,"(19, 62)",16,23.0
32,Auction,E12,"(1, 47)",11,21.0
32,Auction,E13,"(73, 33)",12,20.0
32,Auction,E14,"(51, 62)",7,25.0
32,Auction,E15,"(65, 1)",9,27.0
32,Auction,E16,"(36, 44)",6,29.0
32,Q-Learning,E3,"(51, 80)",33,30.0
32,Q-Learning,E6,"(97, 44)",30,25.0
32,Q-Learning,E8,"(57, 77)",28,14.0
32,Q-Learning,E10,"(9, 33)",20,16.0
32,Q-Learning,E11,"(19, 62)",16,23.0
32,Q-Learning,E12,"(1, 47)",11,21.0
32,Q-Learning,E13,"(73, 33)",12,20.0
32,Q-Learning,E14,"(51, 62)",7,25.0
32,Q-Learning,E15,"(65, 1)",9,27.0
32,Q-Learning,E16,"(36, 44)",6,29.0
33,Greedy,E9,"(68, 36)",24,22.0
33,Greedy,E10,"(9, 33)",21,16.0
33,Greedy,E11,"(19, 62)",17,23.0
33,Greedy,E12,"(1, 47)",12,21.0
33,Greedy,E13,"(73, 33)",13,20.0
33,Greedy,E14,"(51, 62)",8,25.0
33,Greedy,E15,"(65, 1)",10,27.0
33,Greedy,E16,"(36, 44)",7,29.0
33,Auction,E6,"(97, 44)",31,25.0
33,Auction,E9,"(68, 36)",24,22.0
33,Auction,E10,"(9, 33)",21,16.0
33,Auction,E12,"(1, 47)",12,21.0
33,Auction,E13,"(73, 33)",13,20.0
33,Auction,E14,"(51, 62)",8,25.0
33,Auction,E15,"(65, 1)",10,27.0
33,Auction,E16,"(36, 44)",7,29.0
33,Q-Learning,E3,"(51, 80)",34,30.0
33,Q-Learning,E8,"(57, 77)",29,14.0
33,Q-Learning,E10,"(9, 33)",21,16.0
33,Q-Learning,E11,"(19, 62)",17,23.0
33,Q-Learning,E12,"(1, 47)",12,21.0
33,Q-Learning,E13,"(73, 33)",13,20.0
33,Q-Learning,E14,"(51, 62)",8,25.0
33,Q-Learning,E15,"(65, 1)",10,27.0
33,Q-Learning,E16,"(36, 44)",7,29.0
34,Greedy,E10,"(9, 33)",22,16.0
34,Greedy,E11,"(19, 62)",18,23.0
34,Greedy,E12,"(1, 47)",13,21.0
34,Greedy,E13,"(73, 33)",14,20.0
34,Greedy,E14,"(51, 62)",9,25.0
34,Greedy,E15,"(65, 1)",11,27.0
34,Greedy,E16,"(36, 44)",8,29.0
34,Auction,E10,"(9, 33)",22,16.0
34,Auction,E12,"(1, 47)",13,21.0
34,Auction,E13,"(73, 33)",14,20.0
34,Auction,E14,"(51, 62)",9,25.0
34,Auction,E15,"(65, 1)",11,27.0
34,Auction,E16,"(36, 44)",8,29.0
34,Q-Learning,E8,"(57, 77)",30,14.0
34,Q-Learning,E10,"(9, 33)",22,16.0
34,Q-Learning,E11,"(19, 62)",18,23.0
34,Q-Learning,E12,"(1, 47)",13,21.0
34,Q-Learning,E13,"(73, 33)",14,20.0
34,Q-Learning,E14,"(51, 62)",9,25.0
34,Q-Learning,E15,"(65, 1)",11,27.0
34,Q-Learning,E16,"(36, 44)",8,29.0
35,Greedy,E10,"(9, 33)",23,16.0
35,Greedy,E11,"(19, 62)",19,23.0
35,Greedy,E12,"(1, 47)",14,21.0
35,Greedy,E13,"(73, 33)",15,20.0
35,Greedy,E14,"(51, 62)",10,25.0
35,Greedy,E15,"(65, 1)",12,27.0
35,Greedy,E16,"(36, 44)",9,29.0
35,Greedy,E17,"(54, 63)",4,23.0
35,Auction,E10,"(9, 33)",23,16.0
35,Auction,E12,"(1, 47)",14,21.0
35,Auction,E13,"(73, 33)",15,20.0
35,Auction,E14,"(51, 62)",10,25.0
35,Auction,E15,"(65, 1)",12,27.0
35,Auction,E16,"(36, 44)",9,29.0
35,Auction,E17,"(54, 63)",4,23.0
35,Q-Learning,E10,"(9, 33)",23,16.0
35,Q-Learning,E11,"(19, 62)",19,23.0
35,Q-Learning,E12,"(1, 47)",14,21.0
35,Q-Learning,E13,"(73, 33)",15,20.0
35,Q-Learning,E14,"(51, 62)",10,25.0
35,Q-Learning,E15,"(65, 1)",12,27.0
35,Q-Learning,E16,"(36, 44)",9,29.0
35,Q-Learning,E17,"(54, 63)",4,23.0
36,Greedy,E10,"(9, 33)",24,16.0
36,Greedy,E11,"(19, 62)",20,23.0
36,Greedy,E12,"(1, 47)",15,21.0
36,Greedy,E13,"(73, 33)",16,20.0
36,Greedy,E14,"(51, 62)",11,25.0
36,Greedy,E15,"(65, 1)",13,27.0
36,Greedy,E16,"(36, 44)",10,29.0
36,Greedy,E17,"(54, 63)",5,23.0
36,Greedy,E18,"(4, 61)",6,24.0
36,Auction,E10,"(9, 33)",24,16.0
36,Auction,E12,"(1, 47)",15,21.0
36,Auction,E13,"(73, 33)",16,20.0
36,Auction,E14,"(51, 62)",11,25.0
36,Auction,E15,"(65, 1)",13,27.0
36,Auction,E16,"(36, 44)",10,29.0
36,Auction,E17,"(54, 63)",5,23.0
36,Auction,E18,"(4, 61)",6,24.0
36,Q-Learning,E10,"(9, 33)",24,16.0
36,Q-Learning,E11,"(19, 62)",20,23.0
36,Q-Learning,E12,"(1, 47)",15,21.0
36,Q-Learning,E13,"(73, 33)",16,20.0
36,Q-Learning,E14,"(51, 62)",11,25.0
36,Q-Learning,E15,"(65, 1)",13,27.0
36,Q-Learning,E16,"(36, 44)",10,29.0
36,Q-Learning,E17,"(54, 63)",5,23.0
37,Greedy,E11,"(19, 62)",21,23.0
37,Greedy,E12,"(1, 47)",16,21.0
37,Greedy,E13,"(73, 33)",17,20.0
37,Greedy,E14,"(51, 62)",12,25.0
37,Greedy,E15,"(65, 1)",14,27.0
37,Greedy,E16,"(36, 44)",11,29.0
37,Greedy,E17,"(54, 63)",6,23.0
37,Greedy,E18,"(4, 61)",7,24.0
37,Auction,E10,"(9, 33)",25,16.0
37,Auction,E12,"(1, 47)",16,21.0
37,Auction,E13,"(73, 33)",17,20.0
37,Auction,E14,"(51, 62)",12,25.0
37,Auction,E15,"(65, 1)",14,27.0
37,Auction,E16,"(36, 44)",11,29.0
37,Auction,E17,"(54, 63)",6,23.0
37,Auction,E18,"(4, 61)",7,24.0
37,Q-Learning,E10,"(9, 33)",25,16.0
37,Q-Learning,E11,"(19, 62)",21,23.0
37,Q-Learning,E12,"(1, 47)",16,21.0
37,Q-Learning,E13,"(73, 33)",17,20.0
37,Q-Learning,E14,"(51, 62)",12,25.0
37,Q-Learning,E15,"(65, 1)",14,27.0
37,Q-Learning,E17,"(54, 63)",6,23.0
38,Greedy,E11,"(19, 62)",22,23.0
38,Greedy,E12,"(1, 47)",17,21.0
38,Greedy,E13,"(73, 33)",18,20.0
38,Greedy,E14,"(51, 62)",13,25.0
38,Greedy,E15,"(65, 1)",15,27.0
38,Greedy,E16,"(36, 44)",12,29.0
38,Greedy,E17,"(54, 63)",7,23.0
38,Greedy,E18,"(4, 61)",8,24.0
38,Greedy,E19,"(14, 72)",6,16.0
38,Auction,E10,"(9, 33)",26,16.0
38,Auction,E12,"(1, 47)",17,21.0
38,Auction,E13,"(73, 33)",18,20.0
38,Auction,E14,"(51, 62)",13,25.0
38,Auction,E15,"(65, 1)",15,27.0
38,Auction,E16,"(36, 44)",12,29.0
38,Auction,E17,"(54, 63)",7,23.0
38,Auction,E18,"(4, 61)",8,24.0
38,Auction,E19,"(14, 72)",6,16.0
38,Q-Learning,E10,"(9, 33)",26,16.0
38,Q-Learning,E11,"(19, 62)",22,23.0
38,Q-Learning,E12,"(1, 47)",17,21.0
38,Q-Learning,E13,"(73, 33)",18,20.0
38,Q-Learning,E14,"(51, 62)",13,25.0
38,Q-Learning,E15,"(65, 1)",15,27.0
38,Q-Learning,E17,"(54, 63)",7,23.0
38,Q-Learning,E19,"(14, 72)",6,16.0
39,Greedy,E11,"(19, 62)",23,23.0
39,Greedy,E12,"(1, 47)",18,21.0
39,Greedy,E13,"(73, 33)",19,20.0
39,Greedy,E14,"(51, 62)",14,25.0
39,Greedy,E15,"(65, 1)",16,27.0
39,Greedy,E16,"(36, 44)",13,29.0
39,Greedy,E17,"(54, 63)",8,23.0
39,Greedy,E18,"(4, 61)",9,24.0
39,Greedy,E19,"(14, 72)",7,16.0
39,Auction,E10,"(9, 33)",27,16.0
39,Auction,E12,"(1, 47)",18,21.0
39,Auction,E13,"(73, 33)",19,20.0
39,Auction,E14,"(51, 62)",14,25.0
39,Auction,E15,"(65, 1)",16,27.0
39,Auction,E16,"(36, 44)",13,29.0
39,Auction,E17,"(54, 63)",8,23.0
39,Auction,E18,"(4, 61)",9,24.0
39,Auction,E19,"(14, 72)",7,16.0
39,Q-Learning,E10,"(9, 33)",27,16.0
39,Q-Learning,E11,"(19, 62)",23,23.0
39,Q-Learning,E12,"(1, 47)",18,21.0
39,Q-Learning,E13,"(73, 33)",19,20.0
39,Q-Learning,E14,"(51, 62)",14,25.0
39,Q-Learning,E15,"(65, 1)",16,27.0
39,Q-Learning,E17,"(54, 63)",8,23.0
39,Q-Learning,E19,"(14, 72)",7,16.0
40,Greedy,E11,"(19, 62)",24,23.0
40,Greedy,E12,"(1, 47)",19,21.0
40,Greedy,E13,"(73, 33)",20,20.0
40,Greedy,E14,"(51, 62)",15,25.0
40,Greedy,E15,"(65, 1)",17,27.0
40,Greedy,E16,"(36, 44)",14,29.0
40,Greedy,E17,"(54, 63)",9,23.0
40,Greedy,E18,"(4, 61)",10,24.0
40,Greedy,E19,"(14, 72)",8,16.0
40,Greedy,E20,"(53, 51)",8,26.0
40,Auction,E10,"(9, 33)",28,16.0
40,Auction,E12,"(1, 47)",19,21.0
40,Auction,E13,"(73, 33)",20,20.0
40,Auction,E14,"(51, 62)",15,25.0
40,Auction,E15,"(65, 1)",17,27.0
40,Auction,E16,"(36, 44)",14,29.0
40,Auction,E17,"(54, 63)",9,23.0
40,Auction,E18,"(4, 61)",10,24.0
40,Auction,E19,"(14, 72)",8,16.0
40,Auction,E20,"(53, 51)",8,26.0
40,Q-Learning,E10,"(9, 33)",28,16.0
40,Q-Learning,E11,"(19, 62)",24,23.0
40,Q-Learning,E12,"(1, 47)",19,21.0
40,Q-Learning,E13,"(73, 33)",20,20.0
40,Q-Learning,E14,"(51, 62)",15,25.0
40,Q-Learning,E15,"(65, 1)",17,27.0
40,Q-Learning,E17,"(54, 63)",9,23.0
40,Q-Learning,E19,"(14, 72)",8,16.0
40,Q-Learning,E20,"(53, 51)",8,26.0
41,Greedy,E11,"(19, 62)",25,23.0
41,Greedy,E12,"(1, 47)",20,21.0
41,Greedy,E13,"(73, 33)",21,20.0
41,Greedy,E14,"(51, 62)",16,25.0
41,Greedy,E15,"(65, 1)",18,27.0
41,Greedy,E16,"(36, 44)",15,29.0
41,Greedy,E17,"(54, 63)",10,23.0
41,Greedy,E18,"(4, 61)",11,24.0
41,Greedy,E19,"(14, 72)",9,16.0
41,Greedy,E20,"(53, 51)",9,26.0
41,Auction,E10,"(9, 33)",29,16.0
41,Auction,E12,"(1, 47)",20,21.0
41,Auction,E13,"(73, 33)",21,20.0
41,Auction,E14,"(51, 62)",16,25.0
41,Auction,E15,"(65, 1)",18,27.0
41,Auction,E17,"(54, 63)",10,23.0
41,Auction,E18,"(4, 61)",11,24.0
41,Auction,E19,"(14, 72)",9,16.0
41,Auction,E20,"(53, 51)",9,26.0
41,Q-Learning,E10,"(9, 33)",29,16.0
41,Q-Learning,E11,"(19, 62)",25,23.0
41,Q-Learning,E12,"(1, 47)",20,21.0
41,Q-Learning,E13,"(73, 33)",21,20.0
41,Q-Learning,E14,"(51, 62)",16,25.0
41,Q-Learning,E15,"(65, 1)",18,27.0
41,Q-Learning,E17,"(54, 63)",10,23.0
41,Q-Learning,E19,"(14, 72)",9,16.0
41,Q-Learning,E20,"(53, 51)",9,26.0
42,Greedy,E11,"(19, 62)",26,23.0
42,Greedy,E12,"(1, 47)",21,21.0
42,Greedy,E13,"(73, 33)",22,20.0
42,Greedy,E14,"(51, 62)",17,25.0
42,Greedy,E15,"(65, 1)",19,27.0
42,Greedy,E16,"(36, 44)",16,29.0
42,Greedy,E17,"(54, 63)",11,23.0
42,Greedy,E18,"(4, 61)",12,24.0
42,Greedy,E19,"(14, 72)",10,16.0
42,Greedy,E20,"(53, 51)",10,26.0
42,Auction,E12,"(1, 47)",21,21.0
42,Auction,E13,"(73, 33)",22,20.0
42,Auction,E14,"(51, 62)",17,25.0
42,Auction,E15,"(65, 1)",19,27.0
42,Auction,E17,"(54, 63)",11,23.0
42,Auction,E18,"(4, 61)",12,24.0
42,Auction,E19,"(14, 72)",10,16.0
42,Auction,E20,"(53, 51)",10,26.0
42,Q-Learning,E11,"(19, 62)",26,23.0
42,Q-Learning,E12,"(1, 47)",21,21.0
42,Q-Learning,E13,"(73, 33)",22,20.0
42,Q-Learning,E14,"(51, 62)",17,25.0
42,Q-Learning,E15,"(65, 1)",19,27.0
42,Q-Learning,E17,"(54, 63)",11,23.0
42,Q-Learning,E19,"(14, 72)",10,16.0
42,Q-Learning,E20,"(53, 51)",10,26.0
43,Greedy,E11,"(19, 62)",27,23.0
43,Greedy,E12,"(1, 47)",22,21.0
43,Greedy,E13,"(73, 33)",23,20.0
43,Greedy,E14,"(51, 62)",18,25.0
43,Greedy,E15,"(65, 1)",20,27.0
43,Greedy,E16,"(36, 44)",17,29.0
43,Greedy,E17,"(54, 63)",12,23.0
43,Greedy,E18,"(4, 61)",13,24.0
43,Greedy,E19,"(14, 72)",11,16.0
43,Greedy,E20,"(53, 51)",11,26.0
43,Auction,E12,"(1, 47)",22,21.0
43,Auction,E13,"(73, 33)",23,20.0
43,Auction,E14,"(51, 62)",18,25.0
43,Auction,E15,"(65, 1)",20,27.0
43,Auction,E17,"(54, 63)",12,23.0
43,Auction,E18,"(4, 61)",13,24.0
43,Auction,E19,"(14, 72)",11,16.0
43,Auction,E20,"(53, 51)",11,26.0
43,Q-Learning,E11,"(19, 62)",27,23.0
43,Q-Learning,E12,"(1, 47)",22,21.0
43,Q-Learning,E13,"(73, 33)",23,20.0
43,Q-Learning,E14,"(51, 62)",18,25.0
43,Q-Learning,E15,"(65, 1)",20,27.0
43,Q-Learning,E17,"(54, 63)",12,23.0
43,Q-Learning,E19,"(14, 72)",11,16.0
43,Q-Learning,E20,"(53, 51)",11,26.0
44,Greedy,E12,"(1, 47)",23,21.0
44,Greedy,E13,"(73, 33)",24,20.0
44,Greedy,E14,"(51, 62)",19,25.0
44,Greedy,E15,"(65, 1)",21,27.0
44,Greedy,E16,"(36, 44)",18,29.0
44,Greedy,E17,"(54, 63)",13,23.0
44,Greedy,E18,"(4, 61)",14,24.0
44,Greedy,E19,"(14, 72)",12,16.0
44,Greedy,E20,"(53, 51)",12,26.0
44,Greedy,E21,"(28, 67)",10,28.0
44,Auction,E12,"(1, 47)",23,21.0
44,Auction,E13,"(73, 33)",24,20.0
44,Auction,E14,"(51, 62)",19,25.0
44,Auction,E15,"(65, 1)",21,27.0
44,Auction,E17,"(54, 63)",13,23.0
44,Auction,E18,"(4, 61)",14,24.0
44,Auction,E19,"(14, 72)",12,16.0
44,Auction,E20,"(53, 51)",12,26.0
44,Auction,E21,"(28, 67)",10,28.0
44,Q-Learning,E11,"(19, 62)",28,23.0
44,Q-Learning,E12,"(1, 47)",23,21.0
44,Q-Learning,E13,"(73, 33)",24,20.0
44,Q-Learning,E14,"(51, 62)",19,25.0
44,Q-Learning,E15,"(65, 1)",21,27.0
44,Q-Learning,E17,"(54, 63)",13,23.0
44,Q-Learning,E19,"(14, 72)",12,16.0
44,Q-Learning,E20,"(53, 51)",12,26.0
44,Q-Learning,E21,"(28, 67)",10,28.0
45,Greedy,E12,"(1, 47)",24,21.0
45,Greedy,E13,"(73, 33)",25,20.0
45,Greedy,E14,"(51, 62)",20,25.0
45,Greedy,E15,"(65, 1)",22,27.0
45,Greedy,E16,"(36, 44)",19,29.0
45,Greedy,E17,"(54, 63)",14,23.0
45,Greedy,E18,"(4, 61)",15,24.0
45,Greedy,E19,"(14, 72)",13,16.0
45,Greedy,E20,"(53, 51)",13,26.0
45,Greedy,E21,"(28, 67)",11,28.0
45,Greedy,E22,"(84, 82)",5,12.0
45,Auction,E12,"(1, 47)",24,21.0
45,Auction,E13,"(73, 33)",25,20.0
45,Auction,E14,"(51, 62)",20,25.0
45,Auction,E15,"(65, 1)",22,27.0
45,Auction,E17,"(54, 63)",14,23.0
45,Auction,E18,"(4, 61)",15,24.0
45,Auction,E19,"(14, 72)",13,16.0
45,Auction,E20,"(53, 51)",13,26.0
45,Auction,E21,"(28, 67)",11,28.0
45,Q-Learning,E11,"(19, 62)",29,23.0
45,Q-Learning,E12,"(1, 47)",24,21.0
45,Q-Learning,E13,"(73, 33)",25,20.0
45,Q-Learning,E14,"(51, 62)",20,25.0
45,Q-Learning,E15,"(65, 1)",22,27.0
45,Q-Learning,E17,"(54, 63)",14,23.0
45,Q-Learning,E19,"(14, 72)",13,16.0
45,Q-Learning,E20,"(53, 51)",13,26.0
45,Q-Learning,E21,"(28, 67)",11,28.0
45,Q-Learning,E22,"(84, 82)",5,12.0
46,Greedy,E12,"(1, 47)",25,21.0
46,Greedy,E13,"(73, 33)",26,20.0
46,Greedy,E14,"(51, 62)",21,25.0
46,Greedy,E15,"(65, 1)",23,27.0
46,Greedy,E16,"(36, 44)",20,29.0
46,Greedy,E17,"(54, 63)",15,23.0
46,Greedy,E18,"(4, 61)",16,24.0
46,Greedy,E19,"(14, 72)",14,16.0
46,Greedy,E20,"(53, 51)",14,26.0
46,Greedy,E21,"(28, 67)",12,28.0
46,Greedy,E22,"(84, 82)",6,12.0
46,Greedy,E23,"(69, 23)",3,26.0
46,Auction,E12,"(1, 47)",25,21.0
46,Auction,E13,"(73, 33)",26,20.0
46,Auction,E14,"(51, 62)",21,25.0
46,Auction,E15,"(65, 1)",23,27.0
46,Auction,E17,"(54, 63)",15,23.0
46,Auction,E18,"(4, 61)",16,24.0
46,Auction,E19,"(14, 72)",14,16.0
46,Auction,E20,"(53, 51)",14,26.0
46,Auction,E21,"(28, 67)",12,28.0
46,Auction,E23,"(69, 23)",3,26.0
46,Q-Learning,E11,"(19, 62)",30,23.0
46,Q-Learning,E12,"(1, 47)",25,21.0
46,Q-Learning,E13,"(73, 33)",26,20.0
46,Q-Learning,E14,"(51, 62)",21,25.0
46,Q-Learning,E15,"(65, 1)",23,27.0
46,Q-Learning,E17,"(54, 63)",15,23.0
46,Q-Learning,E19,"(14, 72)",14,16.0
46,Q-Learning,E20,"(53, 51)",14,26.0
46,Q-Learning,E21,"(28, 67)",12,28.0
46,Q-Learning,E22,"(84, 82)",6,12.0
46,Q-Learning,E23,"(69, 23)",3,26.0
47,Greedy,E12,"(1, 47)",26,21.0
47,Greedy,E13,"(73, 33)",27,20.0
47,Greedy,E14,"(51, 62)",22,25.0
47,Greedy,E15,"(65, 1)",24,27.0
47,Greedy,E16,"(36, 44)",21,29.0
47,Greedy,E17,"(54, 63)",16,23.0
47,Greedy,E18,"(4, 61)",17,24.0
47,Greedy,E19,"(14, 72)",15,16.0
47,Greedy,E20,"(53, 51)",15,26.0
47,Greedy,E21,"(28, 67)",13,28.0
47,Greedy,E22,"(84, 82)",7,12.0
47,Greedy,E23,"(69, 23)",4,26.0
47,Auction,E12,"(1, 47)",26,21.0
47,Auction,E13,"(73, 33)",27,20.0
47,Auction,E14,"(51, 62)",22,25.0
47,Auction,E15,"(65, 1)",24,27.0
47,Auction,E17,"(54, 63)",16,23.0
47,Auction,E18,"(4, 61)",17,24.0
47,Auction,E19,"(14, 72)",15,16.0
47,Auction,E20,"(53, 51)",15,26.0
47,Auction,E21,"(28, 67)",13,28.0
47,Auction,E23,"(69, 23)",4,26.0
47,Q-Learning,E11,"(19, 62)",31,23.0
47,Q-Learning,E12,"(1, 47)",26,21.0
47,Q-Learning,E13,"(73, 33)",27,20.0
47,Q-Learning,E14,"(51, 62)",22,25.0
47,Q-Learning,E15,"(65, 1)",24,27.0
47,Q-Learning,E17,"(54, 63)",16,23.0
47,Q-Learning,E19,"(14, 72)",15,16.0
47,Q-Learning,E20,"(53, 51)",15,26.0
47,Q-Learning,E21,"(28, 67)",13,28.0
47,Q-Learning,E22,"(84, 82)",7,12.0
47,Q-Learning,E23,"(69, 23)",4,26.0
48,Greedy,E13,"(73, 33)",28,20.0
48,Greedy,E14,"(51, 62)",23,25.0
48,Greedy,E15,"(65, 1)",25,27.0
48,Greedy,E16,"(36, 44)",22,29.0
48,Greedy,E17,"(54, 63)",17,23.0
48,Greedy,E18,"(4, 61)",18,24.0
48,Greedy,E19,"(14, 72)",16,16.0
48,Greedy,E20,"(53, 51)",16,26.0
48,Greedy,E21,"(28, 67)",14,28.0
48,Greedy,E22,"(84, 82)",8,12.0
48,Greedy,E23,"(69, 23)",5,26.0
48,Greedy,E24,"(55, 11)",10,11.0
48,Auction,E12,"(1, 47)",27,21.0
48,Auction,E13,"(73, 33)",28,20.0
48,Auction,E14,"(51, 62)",23,25.0
48,Auction,E15,"(65, 1)",25,27.0
48,Auction,E17,"(54, 63)",17,23.0
48,Auction,E18,"(4, 61)",18,24.0
48,Auction,E19,"(14, 72)",16,16.0
48,Auction,E20,"(53, 51)",16,26.0
48,Auction,E21,"(28, 67)",14,28.0
48,Auction,E23,"(69, 23)",5,26.0
48,Auction,E24,"(55, 11)",10,11.0
48,Q-Learning,E11,"(19, 62)",32,23.0
48,Q-Learning,E12,"(1, 47)",27,21.0
48,Q-Learning,E13,"(73, 33)",28,20.0
48,Q-Learning,E14,"(51, 62)",23,25.0
48,Q-Learning,E15,"(65, 1)",25,27.0
48,Q-Learning,E17,"(54, 63)",17,23.0
48,Q-Learning,E19,"(14, 72)",16,16.0
48,Q-Learning,E20,"(53, 51)",16,26.0
48,Q-Learning,E21,"(28, 67)",14,28.0
48,Q-Learning,E22,"(84, 82)",8,12.0
48,Q-Learning,E23,"(69, 23)",5,26.0
48,Q-Learning,E24,"(55, 11)",10,11.0
49,Greedy,E13,"(73, 33)",29,20.0
49,Greedy,E14,"(51, 62)",24,25.0
49,Greedy,E15,"(65, 1)",26,27.0
49,Greedy,E16,"(36, 44)",23,29.0
49,Greedy,E17,"(54, 63)",18,23.0
49,Greedy,E18,"(4, 61)",19,24.0
49,Greedy,E19,"(14, 72)",17,16.0
49,Greedy,E20,"(53, 51)",17,26.0
49,Greedy,E21,"(28, 67)",15,28.0
49,Greedy,E22,"(84, 82)",9,12.0
49,Greedy,E23,"(69, 23)",6,26.0
49,Greedy,E24,"(55, 11)",11,11.0
49,Greedy,E25,"(22, 62)",5,23.0
49,Auction,E12,"(1, 47)",28,21.0
49,Auction,E13,"(73, 33)",29,20.0
49,Auction,E14,"(51, 62)",24,25.0
49,Auction,E15,"(65, 1)",26,27.0
49,Auction,E17,"(54, 63)",18,23.0
49,Auction,E18,"(4, 61)",19,24.0
49,Auction,E19,"(14, 72)",17,16.0
49,Auction,E20,"(53, 51)",17,26.0
49,Auction,E21,"(28, 67)",15,28.0
49,Auction,E23,"(69, 23)",6,26.0
49,Auction,E24,"(55, 11)",11,11.0
49,Auction,E25,"(22, 62)",5,23.0
49,Q-Learning,E12,"(1, 47)",28,21.0
49,Q-Learning,E13,"(73, 33)",29,20.0
49,Q-Learning,E14,"(51, 62)",24,25.0
49,Q-Learning,E15,"(65, 1)",26,27.0
49,Q-Learning,E17,"(54, 63)",18,23.0
49,Q-Learning,E19,"(14, 72)",17,16.0
49,Q-Learning,E20,"(53, 51)",17,26.0
49,Q-Learning,E21,"(28, 67)",15,28.0
49,Q-Learning,E22,"(84, 82)",9,12.0
49,Q-Learning,E23,"(69, 23)",6,26.0
49,Q-Learning,E24,"(55, 11)",11,11.0
49,Q-Learning,E25,"(22, 62)",5,23.0
50,Greedy,E13,"(73, 33)",30,20.0
50,Greedy,E14,"(51, 62)",25,25.0
50,Greedy,E15,"(65, 1)",27,27.0
50,Greedy,E16,"(36, 44)",24,29.0
50,Greedy,E17,"(54, 63)",19,23.0
50,Greedy,E18,"(4, 61)",20,24.0
50,Greedy,E19,"(14, 72)",18,16.0
50,Greedy,E20,"(53, 51)",18,26.0
50,Greedy,E21,"(28, 67)",16,28.0
50,Greedy,E23,"(69, 23)",7,26.0
50,Greedy,E24,"(55, 11)",12,11.0
50,Greedy,E25,"(22, 62)",6,23.0
50,Auction,E12,"(1, 47)",29,21.0
50,Auction,E13,"(73, 33)",30,20.0
50,Auction,E14,"(51, 62)",25,25.0
50,Auction,E15,"(65, 1)",27,27.0
50,Auction,E17,"(54, 63)",19,23.0
50,Auction,E18,"(4, 61)",20,24.0
50,Auction,E19,"(14, 72)",18,16.0
50,Auction,E20,"(53, 51)",18,26.0
50,Auction,E21,"(28, 67)",16,28.0
50,Auction,E23,"(69, 23)",7,26.0
50,Auction,E24,"(55, 11)",12,11.0
50,Auction,E25,"(22, 62)",6,23.0
50,Q-Learning,E12,"(1, 47)",29,21.0
50,Q-Learning,E13,"(73, 33)",30,20.0
50,Q-Learning,E14,"(51, 62)",25,25.0
50,Q-Learning,E15,"(65, 1)",27,27.0
50,Q-Learning,E17,"(54, 63)",19,23.0
50,Q-Learning,E19,"(14, 72)",18,16.0
50,Q-Learning,E20,"(53, 51)",18,26.0
50,Q-Learning,E21,"(28, 67)",16,28.0
50,Q-Learning,E22,"(84, 82)",10,12.0
50,Q-Learning,E23,"(69, 23)",7,26.0
50,Q-Learning,E24,"(55, 11)",12,11.0
50,Q-Learning,E25,"(22, 62)",6,23.0
51,Greedy,E13,"(73, 33)",31,20.0
51,Greedy,E14,"(51, 62)",26,25.0
51,Greedy,E15,"(65, 1)",28,27.0
51,Greedy,E16,"(36, 44)",25,29.0
51,Greedy,E17,"(54, 63)",20,23.0
51,Greedy,E18,"(4, 61)",21,24.0
51,Greedy,E19,"(14, 72)",19,16.0
51,Greedy,E20,"(53, 51)",19,26.0
51,Greedy,E21,"(28, 67)",17,28.0
51,Greedy,E23,"(69, 23)",8,26.0
51,Greedy,E24,"(55, 11)",13,11.0
51,Greedy,E25,"(22, 62)",7,23.0
51,Auction,E12,"(1, 47)",30,21.0
51,Auction,E13,"(73, 33)",31,20.0
51,Auction,E14,"(51, 62)",26,25.0
51,Auction,E15,"(65, 1)",28,27.0
51,Auction,E17,"(54, 63)",20,23.0
51,Auction,E18,"(4, 61)",21,24.0
51,Auction,E19,"(14, 72)",19,16.0
51,Auction,E20,"(53, 51)",19,26.0
51,Auction,E21,"(28, 67)",17,28.0
51,Auction,E23,"(69, 23)",8,26.0
51,Auction,E24,"(55, 11)",13,11.0
51,Auction,E25,"(22, 62)",7,23.0
51,Q-Learning,E12,"(1, 47)",30,21.0
51,Q-Learning,E13,"(73, 33)",31,20.0
51,Q-Learning,E14,"(51, 62)",26,25.0
51,Q-Learning,E15,"(65, 1)",28,27.0
51,Q-Learning,E17,"(54, 63)",20,23.0
51,Q-Learning,E19,"(14, 72)",19,16.0
51,Q-Learning,E20,"(53, 51)",19,26.0
51,Q-Learning,E21,"(28, 67)",17,28.0
51,Q-Learning,E22,"(84, 82)",11,12.0
51,Q-Learning,E23,"(69, 23)",8,26.0
51,Q-Learning,E25,"(22, 62)",7,23.0
52,Greedy,E13,"(73, 33)",32,20.0
52,Greedy,E14,"(51, 62)",27,25.0
52,Greedy,E15,"(65, 1)",29,27.0
52,Greedy,E16,"(36, 44)",26,29.0
52,Greedy,E17,"(54, 63)",21,23.0
52,Greedy,E18,"(4, 61)",22,24.0
52,Greedy,E19,"(14, 72)",20,16.0
52,Greedy,E20,"(53, 51)",20,26.0
52,Greedy,E21,"(28, 67)",18,28.0
52,Greedy,E23,"(69, 23)",9,26.0
52,Greedy,E24,"(55, 11)",14,11.0
52,Greedy,E25,"(22, 62)",8,23.0
52,Greedy,E26,"(6, 69)",6,19.0
52,Auction,E12,"(1, 47)",31,21.0
52,Auction,E13,"(73, 33)",32,20.0
52,Auction,E14,"(51, 62)",27,25.0
52,Auction,E15,"(65, 1)",29,27.0
52,Auction,E17,"(54, 63)",21,23.0
52,Auction,E18,"(4, 61)",22,24.0
52,Auction,E19,"(14, 72)",20,16.0
52,Auction,E20,"(53, 51)",20,26.0
52,Auction,E21,"(28, 67)",18,28.0
52,Auction,E23,"(69, 23)",9,26.0
52,Auction,E24,"(55, 11)",14,11.0
52,Auction,E25,"(22, 62)",8,23.0
52,Auction,E26,"(6, 69)",6,19.0
52,Q-Learning,E12,"(1, 47)",31,21.0
52,Q-Learning,E13,"(73, 33)",32,20.0
52,Q-Learning,E14,"(51, 62)",27,25.0
52,Q-Learning,E15,"(65, 1)",29,27.0
52,Q-Learning,E17,"(54, 63)",21,23.0
52,Q-Learning,E19,"(14, 72)",20,16.0
52,Q-Learning,E20,"(53, 51)",20,26.0
52,Q-Learning,E21,"(28, 67)",18,28.0
52,Q-Learning,E22,"(84, 82)",12,12.0
52,Q-Learning,E23,"(69, 23)",9,26.0
52,Q-Learning,E25,"(22, 62)",8,23.0
52,Q-Learning,E26,"(6, 69)",6,19.0
53,Greedy,E13,"(73, 33)",33,20.0
53,Greedy,E14,"(51, 62)",28,25.0
53,Greedy,E15,"(65, 1)",30,27.0
53,Greedy,E16,"(36, 44)",27,29.0
53,Greedy,E17,"(54, 63)",22,23.0
53,Greedy,E18,"(4, 61)",23,24.0
53,Greedy,E19,"(14, 72)",21,16.0
53,Greedy,E20,"(53, 51)",21,26.0
53,Greedy,E21,"(28, 67)",19,28.0
53,Greedy,E23,"(69, 23)",10,26.0
53,Greedy,E24,"(55, 11)",15,11.0
53,Greedy,E25,"(22, 62)",9,23.0
53,Greedy,E26,"(6, 69)",7,19.0
53,Greedy,E27,"(7, 66)",5,10.0
53,Auction,E12,"(1, 47)",32,21.0
53,Auction,E14,"(51, 62)",28,25.0
53,Auction,E15,"(65, 1)",30,27.0
53,Auction,E17,"(54, 63)",22,23.0
53,Auction,E18,"(4, 61)",23,24.0
53,Auction,E19,"(14, 72)",21,16.0
53,Auction,E20,"(53, 51)",21,26.0
53,Auction,E23,"(69, 23)",10,26.0
53,Auction,E24,"(55, 11)",15,11.0
53,Auction,E25,"(22, 62)",9,23.0
53,Auction,E26,"(6, 69)",7,19.0
53,Auction,E27,"(7, 66)",5,10.0
53,Q-Learning,E12,"(1, 47)",32,21.0
53,Q-Learning,E14,"(51, 62)",28,25.0
53,Q-Learning,E15,"(65, 1)",30,27.0
53,Q-Learning,E17,"(54, 63)",22,23.0
53,Q-Learning,E19,"(14, 72)",21,16.0
53,Q-Learning,E20,"(53, 51)",21,26.0
53,Q-Learning,E21,"(28, 67)",19,28.0
53,Q-Learning,E22,"(84, 82)",13,12.0
53,Q-Learning,E23,"(69, 23)",10,26.0
53,Q-Learning,E25,"(22, 62)",9,23.0
53,Q-Learning,E26,"(6, 69)",7,19.0
53,Q-Learning,E27,"(7, 66)",5,10.0
54,Greedy,E14,"(51, 62)",29,25.0
54,Greedy,E15,"(65, 1)",31,27.0
54,Greedy,E16,"(36, 44)",28,29.0
54,Greedy,E17,"(54, 63)",23,23.0
54,Greedy,E18,"(4, 61)",24,24.0
54,Greedy,E19,"(14, 72)",22,16.0
54,Greedy,E20,"(53, 51)",22,26.0
54,Greedy,E21,"(28, 67)",20,28.0
54,Greedy,E23,"(69, 23)",11,26.0
54,Greedy,E24,"(55, 11)",16,11.0
54,Greedy,E25,"(22, 62)",10,23.0
54,Greedy,E26,"(6, 69)",8,19.0
54,Greedy,E27,"(7, 66)",6,10.0
54,Greedy,E28,"(57, 40)",10,10.0
54,Auction,E12,"(1, 47)",33,21.0
54,Auction,E14,"(51, 62)",29,25.0
54,Auction,E15,"(65, 1)",31,27.0
54,Auction,E17,"(54, 63)",23,23.0
54,Auction,E18,"(4, 61)",24,24.0
54,Auction,E19,"(14, 72)",22,16.0
54,Auction,E20,"(53, 51)",22,26.0
54,Auction,E23,"(69, 23)",11,26.0
54,Auction,E24,"(55, 11)",16,11.0
54,Auction,E25,"(22, 62)",10,23.0
54,Auction,E26,"(6, 69)",8,19.0
54,Auction,E27,"(7, 66)",6,10.0
54,Q-Learning,E12,"(1, 47)",33,21.0
54,Q-Learning,E14,"(51, 62)",29,25.0
54,Q-Learning,E15,"(65, 1)",31,27.0
54,Q-Learning,E19,"(14, 72)",22,16.0
54,Q-Learning,E20,"(53, 51)",22,26.0
54,Q-Learning,E21,"(28, 67)",20,28.0
54,Q-Learning,E22,"(84, 82)",14,12.0
54,Q-Learning,E23,"(69, 23)",11,26.0
54,Q-Learning,E25,"(22, 62)",10,23.0
54,Q-Learning,E26,"(6, 69)",8,19.0
54,Q-Learning,E27,"(7, 66)",6,10.0
54,Q-Learning,E28,"(57, 40)",10,10.0
55,Greedy,E14,"(51, 62)",30,25.0
55,Greedy,E15,"(65, 1)",32,27.0
55,Greedy,E16,"(36, 44)",29,29.0
55,Greedy,E17,"(54, 63)",24,23.0
55,Greedy,E18,"(4, 61)",25,24.0
55,Greedy,E19,"(14, 72)",23,16.0
55,Greedy,E20,"(53, 51)",23,26.0
55,Greedy,E21,"(28, 67)",21,28.0
55,Greedy,E23,"(69, 23)",12,26.0
55,Greedy,E24,"(55, 11)",17,11.0
55,Greedy,E25,"(22, 62)",11,23.0
55,Greedy,E26,"(6, 69)",9,19.0
55,Greedy,E27,"(7, 66)",7,10.0
55,Greedy,E28,"(57, 40)",11,10.0
55,Greedy,E29,"(9, 50)",5,17.0
55,Auction,E12,"(1, 47)",34,21.0
55,Auction,E14,"(51, 62)",30,25.0
55,Auction,E15,"(65, 1)",32,27.0
55,Auction,E17,"(54, 63)",24,23.0
55,Auction,E18,"(4, 61)",25,24.0
55,Auction,E20,"(53, 51)",23,26.0
55,Auction,E23,"(69, 23)",12,26.0
55,Auction,E24,"(55, 11)",17,11.0
55,Auction,E25,"(22, 62)",11,23.0
55,Auction,E26,"(6, 69)",9,19.0
55,Auction,E27,"(7, 66)",7,10.0
55,Auction,E29,"(9, 50)",5,17.0
55,Q-Learning,E12,"(1, 47)",34,21.0
55,Q-Learning,E14,"(51, 62)",30,25.0
55,Q-Learning,E15,"(65, 1)",32,27.0
55,Q-Learning,E19,"(14, 72)",23,16.0
55,Q-Learning,E20,"(53, 51)",23,26.0
55,Q-Learning,E21,"(28, 67)",21,28.0
55,Q-Learning,E22,"(84, 82)",15,12.0
55,Q-Learning,E23,"(69, 23)",12,26.0
55,Q-Learning,E25,"(22, 62)",11,23.0
55,Q-Learning,E26,"(6, 69)",9,19.0
55,Q-Learning,E27,"(7, 66)",7,10.0
55,Q-Learning,E28,"(57, 40)",11,10.0
55,Q-Learning,E29,"(9, 50)",5,17.0
56,Greedy,E14,"(51, 62)",31,25.0
56,Greedy,E15,"(65, 1)",33,27.0
56,Greedy,E16,"(36, 44)",30,29.0
56,Greedy,E17,"(54, 63)",25,23.0
56,Greedy,E18,"(4, 61)",26,24.0
56,Greedy,E19,"(14, 72)",24,16.0
56,Greedy,E20,"(53, 51)",24,26.0
56,Greedy,E21,"(28, 67)",22,28.0
56,Greedy,E23,"(69, 23)",13,26.0
56,Greedy,E25,"(22, 62)",12,23.0
56,Greedy,E26,"(6, 69)",10,19.0
56,Greedy,E27,"(7, 66)",8,10.0
56,Greedy,E28,"(57, 40)",12,10.0
56,Greedy,E29,"(9, 50)",6,17.0
56,Greedy,E30,"(37, 84)",3,11.0
56,Auction,E12,"(1, 47)",35,21.0
56,Auction,E14,"(51, 62)",31,25.0
56,Auction,E15,"(65, 1)",33,27.0
56,Auction,E17,"(54, 63)",25,23.0
56,Auction,E18,"(4, 61)",26,24.0
56,Auction,E20,"(53, 51)",24,26.0
56,Auction,E23,"(69, 23)",13,26.0
56,Auction,E24,"(55, 11)",18,11.0
56,Auction,E25,"(22, 62)",12,23.0
56,Auction,E26,"(6, 69)",10,19.0
56,Auction,E27,"(7, 66)",8,10.0
56,Auction,E29,"(9, 50)",6,17.0
56,Auction,E30,"(37, 84)",3,11.0
56,Q-Learning,E12,"(1, 47)",35,21.0
56,Q-Learning,E14,"(51, 62)",31,25.0
56,Q-Learning,E15,"(65, 1)",33,27.0
56,Q-Learning,E19,"(14, 72)",24,16.0
56,Q-Learning,E20,"(53, 51)",24,26.0
56,Q-Learning,E21,"(28, 67)",22,28.0
56,Q-Learning,E22,"(84, 82)",16,12.0
56,Q-Learning,E23,"(69, 23)",13,26.0
56,Q-Learning,E25,"(22, 62)",12,23.0
56,Q-Learning,E26,"(6, 69)",10,19.0
56,Q-Learning,E27,"(7, 66)",8,10.0
56,Q-Learning,E28,"(57, 40)",12,10.0
56,Q-Learning,E29,"(9, 50)",6,17.0
56,Q-Learning,E30,"(37, 84)",3,11.0
57,Greedy,E14,"(51, 62)",32,25.0
57,Greedy,E16,"(36, 44)",31,29.0
57,Greedy,E17,"(54, 63)",26,23.0
57,Greedy,E18,"(4, 61)",27,24.0
57,Greedy,E19,"(14, 72)",25,16.0
57,Greedy,E20,"(53, 51)",25,26.0
57,Greedy,E21,"(28, 67)",23,28.0
57,Greedy,E23,"(69, 23)",14,26.0
57,Greedy,E25,"(22, 62)",13,23.0
57,Greedy,E26,"(6, 69)",11,19.0
57,Greedy,E27,"(7, 66)",9,10.0
57,Greedy,E28,"(57, 40)",13,10.0
57,Greedy,E29,"(9, 50)",7,17.0
57,Greedy,E30,"(37, 84)",4,11.0
57,Greedy,E31,"(80, 21)",3,13.0
57,Auction,E12,"(1, 47)",36,21.0
57,Auction,E14,"(51, 62)",32,25.0
57,Auction,E15,"(65, 1)",34,27.0
57,Auction,E17,"(54, 63)",26,23.0
57,Auction,E18,"(4, 61)",27,24.0
57,Auction,E20,"(53, 51)",25,26.0
57,Auction,E23,"(69, 23)",14,26.0
57,Auction,E24,"(55, 11)",19,11.0
57,Auction,E25,"(22, 62)",13,23.0
57,Auction,E26,"(6, 69)",11,19.0
57,Auction,E27,"(7, 66)",9,10.0
57,Auction,E29,"(9, 50)",7,17.0
57,Auction,E30,"(37, 84)",4,11.0
57,Auction,E31,"(80, 21)",3,13.0
57,Q-Learning,E12,"(1, 47)",36,21.0
57,Q-Learning,E14,"(51, 62)",32,25.0
57,Q-Learning,E15,"(65, 1)",34,27.0
57,Q-Learning,E19,"(14, 72)",25,16.0
57,Q-Learning,E20,"(53, 51)",25,26.0
57,Q-Learning,E21,"(28, 67)",23,28.0
57,Q-Learning,E22,"(84, 82)",17,12.0
57,Q-Learning,E23,"(69, 23)",14,26.0
57,Q-Learning,E25,"(22, 62)",13,23.0
57,Q-Learning,E26,"(6, 69)",11,19.0
57,Q-Learning,E27,"(7, 66)",9,10.0
57,Q-Learning,E28,"(57, 40)",13,10.0
57,Q-Learning,E29,"(9, 50)",7,17.0
57,Q-Learning,E30,"(37, 84)",4,11.0
58,Greedy,E14,"(51, 62)",33,25.0
58,Greedy,E16,"(36, 44)",32,29.0
58,Greedy,E17,"(54, 63)",27,23.0
58,Greedy,E18,"(4, 61)",28,24.0
58,Greedy,E19,"(14, 72)",26,16.0
58,Greedy,E20,"(53, 51)",26,26.0
58,Greedy,E21,"(28, 67)",24,28.0
58,Greedy,E23,"(69, 23)",15,26.0
58,Greedy,E25,"(22, 62)",14,23.0
58,Greedy,E26,"(6, 69)",12,19.0
58,Greedy,E27,"(7, 66)",10,10.0
58,Greedy,E28,"(57, 40)",14,10.0
58,Greedy,E29,"(9, 50)",8,17.0
58,Greedy,E30,"(37, 84)",5,11.0
58,Greedy,E31,"(80, 21)",4,13.0
58,Auction,E12,"(1, 47)",37,21.0
58,Auction,E14,"(51, 62)",33,25.0
58,Auction,E15,"(65, 1)",35,27.0
58,Auction,E17,"(54, 63)",27,23.0
58,Auction,E18,"(4, 61)",28,24.0
58,Auction,E20,"(53, 51)",26,26.0
58,Auction,E23,"(69, 23)",15,26.0
58,Auction,E24,"(55, 11)",20,11.0
58,Auction,E25,"(22, 62)",14,23.0
58,Auction,E26,"(6, 69)",12,19.0
58,Auction,E27,"(7, 66)",10,10.0
58,Auction,E29,"(9, 50)",8,17.0
58,Auction,E30,"(37, 84)",5,11.0
58,Auction,E31,"(80, 21)",4,13.0
58,Q-Learning,E12,"(1, 47)",37,21.0
58,Q-Learning,E14,"(51, 62)",33,25.0
58,Q-Learning,E15,"(65, 1)",35,27.0
58,Q-Learning,E19,"(14, 72)",26,16.0
58,Q-Learning,E20,"(53, 51)",26,26.0
58,Q-Learning,E21,"(28, 67)",24,28.0
58,Q-Learning,E22,"(84, 82)",18,12.0
58,Q-Learning,E23,"(69, 23)",15,26.0
58,Q-Learning,E25,"(22, 62)",14,23.0
58,Q-Learning,E26,"(6, 69)",12,19.0
58,Q-Learning,E27,"(7, 66)",10,10.0
58,Q-Learning,E28,"(57, 40)",14,10.0
58,Q-Learning,E29,"(9, 50)",8,17.0
58,Q-Learning,E30,"(37, 84)",5,11.0
59,Greedy,E14,"(51, 62)",34,25.0
59,Greedy,E16,"(36, 44)",33,29.0
59,Greedy,E17,"(54, 63)",28,23.0
59,Greedy,E18,"(4, 61)",29,24.0
59,Greedy,E19,"(14, 72)",27,16.0
59,Greedy,E20,"(53, 51)",27,26.0
59,Greedy,E21,"(28, 67)",25,28.0
59,Greedy,E23,"(69, 23)",16,26.0
59,Greedy,E25,"(22, 62)",15,23.0
59,Greedy,E26,"(6, 69)",13,19.0
59,Greedy,E27,"(7, 66)",11,10.0
59,Greedy,E28,"(57, 40)",15,10.0
59,Greedy,E29,"(9, 50)",9,17.0
59,Greedy,E30,"(37, 84)",6,11.0
59,Greedy,E31,"(80, 21)",5,13.0
59,Auction,E12,"(1, 47)",38,21.0
59,Auction,E14,"(51, 62)",34,25.0
59,Auction,E15,"(65, 1)",36,27.0
59,Auction,E17,"(54, 63)",28,23.0
59,Auction,E18,"(4, 61)",29,24.0
59,Auction,E20,"(53, 51)",27,26.0
59,Auction,E23,"(69, 23)",16,26.0
59,Auction,E24,"(55, 11)",21,11.0
59,Auction,E25,"(22, 62)",15,23.0
59,Auction,E26,"(6, 69)",13,19.0
59,Auction,E27,"(7, 66)",11,10.0
59,Auction,E29,"(9, 50)",9,17.0
59,Auction,E30,"(37, 84)",6,11.0
59,Auction,E31,"(80, 21)",5,13.0
59,Q-Learning,E12,"(1, 47)",38,21.0
59,Q-Learning,E14,"(51, 62)",34,25.0
59,Q-Learning,E15,"(65, 1)",36,27.0
59,Q-Learning,E19,"(14, 72)",27,16.0
59,Q-Learning,E20,"(53, 51)",27,26.0
59,Q-Learning,E21,"(28, 67)",25,28.0
59,Q-Learning,E22,"(84, 82)",19,12.0
59,Q-Learning,E23,"(69, 23)",16,26.0
59,Q-Learning,E25,"(22, 62)",15,23.0
59,Q-Learning,E26,"(6, 69)",13,19.0
59,Q-Learning,E27,"(7, 66)",11,10.0
59,Q-Learning,E28,"(57, 40)",15,10.0
59,Q-Learning,E29,"(9, 50)",9,17.0
59,Q-Learning,E30,"(37, 84)",6,11.0
60,Greedy,E14,"(51, 62)",35,25.0
60,Greedy,E16,"(36, 44)",34,29.0
60,Greedy,E17,"(54, 63)",29,23.0
60,Greedy,E18,"(4, 61)",30,24.0
60,Greedy,E19,"(14, 72)",28,16.0
60,Greedy,E20,"(53, 51)",28,26.0
60,Greedy,E21,"(28, 67)",26,28.0
60,Greedy,E23,"(69, 23)",17,26.0
60,Greedy,E25,"(22, 62)",16,23.0
60,Greedy,E26,"(6, 69)",14,19.0
60,Greedy,E27,"(7, 66)",12,10.0
60,Greedy,E28,"(57, 40)",16,10.0
60,Greedy,E29,"(9, 50)",10,17.0
60,Greedy,E30,"(37, 84)",7,11.0
60,Greedy,E31,"(80, 21)",6,13.0
60,Auction,E15,"(65, 1)",37,27.0
60,Auction,E17,"(54, 63)",29,23.0
60,Auction,E18,"(4, 61)",30,24.0
60,Auction,E20,"(53, 51)",28,26.0
60,Auction,E23,"(69, 23)",17,26.0
60,Auction,E24,"(55, 11)",22,11.0
60,Auction,E25,"(22, 62)",16,23.0
60,Auction,E26,"(6, 69)",14,19.0
60,Auction,E27,"(7, 66)",12,10.0
60,Auction,E29,"(9, 50)",10,17.0
60,Auction,E30,"(37, 84)",7,11.0
60,Auction,E31,"(80, 21)",6,13.0
60,Q-Learning,E12,"(1, 47)",39,21.0
60,Q-Learning,E14,"(51, 62)",35,25.0
60,Q-Learning,E15,"(65, 1)",37,27.0
60,Q-Learning,E19,"(14, 72)",28,16.0
60,Q-Learning,E20,"(53, 51)",28,26.0
60,Q-Learning,E21,"(28, 67)",26,28.0
60,Q-Learning,E22,"(84, 82)",20,12.0
60,Q-Learning,E23,"(69, 23)",17,26.0
60,Q-Learning,E25,"(22, 62)",16,23.0
60,Q-Learning,E26,"(6, 69)",14,19.0
60,Q-Learning,E27,"(7, 66)",12,10.0
60,Q-Learning,E28,"(57, 40)",16,10.0
60,Q-Learning,E29,"(9, 50)",10,17.0
60,Q-Learning,E30,"(37, 84)",7,11.0
61,Greedy,E14,"(51, 62)",36,25.0
61,Greedy,E16,"(36, 44)",35,29.0
61,Greedy,E17,"(54, 63)",30,23.0
61,Greedy,E18,"(4, 61)",31,24.0
61,Greedy,E19,"(14, 72)",29,16.0
61,Greedy,E20,"(53, 51)",29,26.0
61,Greedy,E21,"(28, 67)",27,28.0
61,Greedy,E23,"(69, 23)",18,26.0
61,Greedy,E25,"(22, 62)",17,23.0
61,Greedy,E26,"(6, 69)",15,19.0
61,Greedy,E27,"(7, 66)",13,10.0
61,Greedy,E28,"(57, 40)",17,10.0
61,Greedy,E29,"(9, 50)",11,17.0
61,Greedy,E30,"(37, 84)",8,11.0
61,Greedy,E31,"(80, 21)",7,13.0
61,Greedy,E32,"(75, 43)",8,24.0
61,Auction,E15,"(65, 1)",38,27.0
61,Auction,E17,"(54, 63)",30,23.0
61,Auction,E18,"(4, 61)",31,24.0
61,Auction,E20,"(53, 51)",29,26.0
61,Auction,E23,"(69, 23)",18,26.0
61,Auction,E24,"(55, 11)",23,11.0
61,Auction,E25,"(22, 62)",17,23.0
61,Auction,E26,"(6, 69)",15,19.0
61,Auction,E27,"(7, 66)",13,10.0
61,Auction,E29,"(9, 50)",11,17.0
61,Auction,E30,"(37, 84)",8,11.0
61,Auction,E31,"(80, 21)",7,13.0
61,Auction,E32,"(75, 43)",8,24.0
61,Q-Learning,E12,"(1, 47)",40,21.0
61,Q-Learning,E14,"(51, 62)",36,25.0
61,Q-Learning,E15,"(65, 1)",38,27.0
61,Q-Learning,E19,"(14, 72)",29,16.0
61,Q-Learning,E20,"(53, 51)",29,26.0
61,Q-Learning,E21,"(28, 67)",27,28.0
61,Q-Learning,E22,"(84, 82)",21,12.0
61,Q-Learning,E23,"(69, 23)",18,26.0
61,Q-Learning,E25,"(22, 62)",17,23.0
61,Q-Learning,E26,"(6, 69)",15,19.0
61,Q-Learning,E27,"(7, 66)",13,10.0
61,Q-Learning,E28,"(57, 40)",17,10.0
61,Q-Learning,E29,"(9, 50)",11,17.0
61,Q-Learning,E30,"(37, 84)",8,11.0
61,Q-Learning,E32,"(75, 43)",8,24.0
62,Greedy,E14,"(51, 62)",37,25.0
62,Greedy,E16,"(36, 44)",36,29.0
62,Greedy,E17,"(54, 63)",31,23.0
62,Greedy,E18,"(4, 61)",32,24.0
62,Greedy,E19,"(14, 72)",30,16.0
62,Greedy,E20,"(53, 51)",30,26.0
62,Greedy,E21,"(28, 67)",28,28.0
62,Greedy,E23,"(69, 23)",19,26.0
62,Greedy,E25,"(22, 62)",18,23.0
62,Greedy,E26,"(6, 69)",16,19.0
62,Greedy,E27,"(7, 66)",14,10.0
62,Greedy,E28,"(57, 40)",18,10.0
62,Greedy,E29,"(9, 50)",12,17.0
62,Greedy,E30,"(37, 84)",9,11.0
62,Greedy,E31,"(80, 21)",8,13.0
62,Greedy,E32,"(75, 43)",9,24.0
62,Greedy,E33,"(88, 65)",8,12.0
62,Auction,E15,"(65, 1)",39,27.0
62,Auction,E17,"(54, 63)",31,23.0
62,Auction,E18,"(4, 61)",32,24.0
62,Auction,E20,"(53, 51)",30,26.0
62,Auction,E23,"(69, 23)",19,26.0
62,Auction,E24,"(55, 11)",24,11.0
62,Auction,E25,"(22, 62)",18,23.0
62,Auction,E26,"(6, 69)",16,19.0
62,Auction,E27,"(7, 66)",14,10.0
62,Auction,E29,"(9, 50)",12,17.0
62,Auction,E30,"(37, 84)",9,11.0
62,Auction,E31,"(80, 21)",8,13.0
62,Auction,E32,"(75, 43)",9,24.0
62,Auction,E33,"(88, 65)",8,12.0
62,Q-Learning,E12,"(1, 47)",41,21.0
62,Q-Learning,E14,"(51, 62)",37,25.0
62,Q-Learning,E15,"(65, 1)",39,27.0
62,Q-Learning,E19,"(14, 72)",30,16.0
62,Q-Learning,E20,"(53, 51)",30,26.0
62,Q-Learning,E21,"(28, 67)",28,28.0
62,Q-Learning,E22,"(84, 82)",22,12.0
62,Q-Learning,E23,"(69, 23)",19,26.0
62,Q-Learning,E25,"(22, 62)",18,23.0
62,Q-Learning,E26,"(6, 69)",16,19.0
62,Q-Learning,E27,"(7, 66)",14,10.0
62,Q-Learning,E28,"(57, 40)",18,10.0
62,Q-Learning,E29,"(9, 50)",12,17.0
62,Q-Learning,E30,"(37, 84)",9,11.0
62,Q-Learning,E32,"(75, 43)",9,24.0
62,Q-Learning,E33,"(88, 65)",8,12.0
63,Greedy,E14,"(51, 62)",38,25.0
63,Greedy,E16,"(36, 44)",37,29.0
63,Greedy,E17,"(54, 63)",32,23.0
63,Greedy,E18,"(4, 61)",33,24.0
63,Greedy,E19,"(14, 72)",31,16.0
63,Greedy,E20,"(53, 51)",31,26.0
63,Greedy,E21,"(28, 67)",29,28.0
63,Greedy,E23,"(69, 23)",20,26.0
63,Greedy,E25,"(22, 62)",19,23.0
63,Greedy,E26,"(6, 69)",17,19.0
63,Greedy,E27,"(7, 66)",15,10.0
63,Greedy,E28,"(57, 40)",19,10.0
63,Greedy,E29,"(9, 50)",13,17.0
63,Greedy,E30,"(37, 84)",10,11.0
63,Greedy,E31,"(80, 21)",9,13.0
63,Greedy,E32,"(75, 43)",10,24.0
63,Greedy,E33,"(88, 65)",9,12.0
63,Greedy,E34,"(14, 61)",1,28.0
63,Auction,E15,"(65, 1)",40,27.0
63,Auction,E17,"(54, 63)",32,23.0
63,Auction,E18,"(4, 61)",33,24.0
63,Auction,E20,"(53, 51)",31,26.0
63,Auction,E23,"(69, 23)",20,26.0
63,Auction,E24,"(55, 11)",25,11.0
63,Auction,E25,"(22, 62)",19,23.0
63,Auction,E26,"(6, 69)",17,19.0
63,Auction,E27,"(7, 66)",15,10.0
63,Auction,E29,"(9, 50)",13,17.0
63,Auction,E30,"(37, 84)",10,11.0
63,Auction,E31,"(80, 21)",9,13.0
63,Auction,E32,"(75, 43)",10,24.0
63,Auction,E33,"(88, 65)",9,12.0
63,Auction,E34,"(14, 61)",1,28.0
63,Q-Learning,E12,"(1, 47)",42,21.0
63,Q-Learning,E14,"(51, 62)",38,25.0
63,Q-Learning,E15,"(65, 1)",40,27.0
63,Q-Learning,E19,"(14, 72)",31,16.0
63,Q-Learning,E20,"(53, 51)",31,26.0
63,Q-Learning,E21,"(28, 67)",29,28.0
63,Q-Learning,E22,"(84, 82)",23,12.0
63,Q-Learning,E23,"(69, 23)",20,26.0
63,Q-Learning,E25,"(22, 62)",19,23.0
63,Q-Learning,E26,"(6, 69)",17,19.0
63,Q-Learning,E27,"(7, 66)",15,10.0
63,Q-Learning,E28,"(57, 40)",19,10.0
63,Q-Learning,E29,"(9, 50)",13,17.0
63,Q-Learning,E30,"(37, 84)",10,11.0
63,Q-Learning,E32,"(75, 43)",10,24.0
63,Q-Learning,E33,"(88, 65)",9,12.0
63,Q-Learning,E34,"(14, 61)",1,28.0
64,Greedy,E14,"(51, 62)",39,25.0
64,Greedy,E16,"(36, 44)",38,29.0
64,Greedy,E17,"(54, 63)",33,23.0
64,Greedy,E18,"(4, 61)",34,24.0
64,Greedy,E19,"(14, 72)",32,16.0
64,Greedy,E20,"(53, 51)",32,26.0
64,Greedy,E21,"(28, 67)",30,28.0
64,Greedy,E23,"(69, 23)",21,26.0
64,Greedy,E25,"(22, 62)",20,23.0
64,Greedy,E26,"(6, 69)",18,19.0
64,Greedy,E27,"(7, 66)",16,10.0
64,Greedy,E28,"(57, 40)",20,10.0
64,Greedy,E29,"(9, 50)",14,17.0
64,Greedy,E30,"(37, 84)",11,11.0
64,Greedy,E31,"(80, 21)",10,13.0
64,Greedy,E32,"(75, 43)",11,24.0
64,Greedy,E33,"(88, 65)",10,12.0
64,Greedy,E34,"(14, 61)",2,28.0
64,Greedy,E35,"(13, 5)",7,15.0
64,Auction,E15,"(65, 1)",41,27.0
64,Auction,E17,"(54, 63)",33,23.0
64,Auction,E18,"(4, 61)",34,24.0
64,Auction,E20,"(53, 51)",32,26.0
64,Auction,E23,"(69, 23)",21,26.0
64,Auction,E24,"(55, 11)",26,11.0
64,Auction,E25,"(22, 62)",20,23.0
64,Auction,E26,"(6, 69)",18,19.0
64,Auction,E27,"(7, 66)",16,10.0
64,Auction,E29,"(9, 50)",14,17.0
64,Auction,E30,"(37, 84)",11,11.0
64,Auction,E31,"(80, 21)",10,13.0
64,Auction,E32,"(75, 43)",11,24.0
64,Auction,E33,"(88, 65)",10,12.0
64,Auction,E34,"(14, 61)",2,28.0
64,Auction,E35,"(13, 5)",7,15.0
64,Q-Learning,E12,"(1, 47)",43,21.0
64,Q-Learning,E14,"(51, 62)",39,25.0
64,Q-Learning,E15,"(65, 1)",41,27.0
64,Q-Learning,E19,"(14, 72)",32,16.0
64,Q-Learning,E20,"(53, 51)",32,26.0
64,Q-Learning,E21,"(28, 67)",30,28.0
64,Q-Learning,E22,"(84, 82)",24,12.0
64,Q-Learning,E23,"(69, 23)",21,26.0
64,Q-Learning,E25,"(22, 62)",20,23.0
64,Q-Learning,E26,"(6, 69)",18,19.0
64,Q-Learning,E28,"(57, 40)",20,10.0
64,Q-Learning,E29,"(9, 50)",14,17.0
64,Q-Learning,E30,"(37, 84)",11,11.0
64,Q-Learning,E32,"(75, 43)",11,24.0
64,Q-Learning,E33,"(88, 65)",10,12.0
64,Q-Learning,E34,"(14, 61)",2,28.0
64,Q-Learning,E35,"(13, 5)",7,15.0
65,Greedy,E14,"(51, 62)",40,25.0
65,Greedy,E16,"(36, 44)",39,29.0
65,Greedy,E17,"(54, 63)",34,23.0
65,Greedy,E18,"(4, 61)",35,24.0
65,Greedy,E19,"(14, 72)",33,16.0
65,Greedy,E20,"(53, 51)",33,26.0
65,Greedy,E21,"(28, 67)",31,28.0
65,Greedy,E23,"(69, 23)",22,26.0
65,Greedy,E25,"(22, 62)",21,23.0
65,Greedy,E26,"(6, 69)",19,19.0
65,Greedy,E27,"(7, 66)",17,10.0
65,Greedy,E28,"(57, 40)",21,10.0
65,Greedy,E29,"(9, 50)",15,17.0
65,Greedy,E30,"(37, 84)",12,11.0
65,Greedy,E31,"(80, 21)",11,13.0
65,Greedy,E32,"(75, 43)",12,24.0
65,Greedy,E33,"(88, 65)",11,12.0
65,Greedy,E34,"(14, 61)",3,28.0
65,Greedy,E35,"(13, 5)",8,15.0
65,Greedy,E36,"(56, 55)",8,11.0
65,Auction,E15,"(65, 1)",42,27.0
65,Auction,E17,"(54, 63)",34,23.0
65,Auction,E18,"(4, 61)",35,24.0
65,Auction,E20,"(53, 51)",33,26.0
65,Auction,E23,"(69, 23)",22,26.0
65,Auction,E24,"(55, 11)",27,11.0
65,Auction,E25,"(22, 62)",21,23.0
65,Auction,E26,"(6, 69)",19,19.0
65,Auction,E27,"(7, 66)",17,10.0
65,Auction,E29,"(9, 50)",15,17.0
65,Auction,E30,"(37, 84)",12,11.0
65,Auction,E31,"(80, 21)",11,13.0
65,Auction,E32,"(75, 43)",12,24.0
65,Auction,E33,"(88, 65)",11,12.0
65,Auction,E34,"(14, 61)",3,28.0
65,Auction,E35,"(13, 5)",8,15.0
65,Auction,E36,"(56, 55)",8,11.0
65,Q-Learning,E12,"(1, 47)",44,21.0
65,Q-Learning,E14,"(51, 62)",40,25.0
65,Q-Learning,E15,"(65, 1)",42,27.0
65,Q-Learning,E19,"(14, 72)",33,16.0
65,Q-Learning,E20,"(53, 51)",33,26.0
65,Q-Learning,E21,"(28, 67)",31,28.0
65,Q-Learning,E22,"(84, 82)",25,12.0
65,Q-Learning,E23,"(69, 23)",22,26.0
65,Q-Learning,E25,"(22, 62)",21,23.0
65,Q-Learning,E26,"(6, 69)",19,19.0
65,Q-Learning,E28,"(57, 40)",21,10.0
65,Q-Learning,E29,"(9, 50)",15,17.0
65,Q-Learning,E30,"(37, 84)",12,11.0
65,Q-Learning,E32,"(75, 43)",12,24.0
65,Q-Learning,E33,"(88, 65)",11,12.0
65,Q-Learning,E34,"(14, 61)",3,28.0
65,Q-Learning,E35,"(13, 5)",8,15.0
65,Q-Learning,E36,"(56, 55)",8,11.0
66,Greedy,E14,"(51, 62)",41,25.0
66,Greedy,E16,"(36, 44)",40,29.0
66,Greedy,E17,"(54, 63)",35,23.0
66,Greedy,E18,"(4, 61)",36,24.0
66,Greedy,E19,"(14, 72)",34,16.0
66,Greedy,E20,"(53, 51)",34,26.0
66,Greedy,E21,"(28, 67)",32,28.0
66,Greedy,E23,"(69, 23)",23,26.0
66,Greedy,E25,"(22, 62)",22,23.0
66,Greedy,E26,"(6, 69)",20,19.0
66,Greedy,E27,"(7, 66)",18,10.0
66,Greedy,E28,"(57, 40)",22,10.0
66,Greedy,E29,"(9, 50)",16,17.0
66,Greedy,E30,"(37, 84)",13,11.0
66,Greedy,E31,"(80, 21)",12,13.0
66,Greedy,E32,"(75, 43)",13,24.0
66,Greedy,E33,"(88, 65)",12,12.0
66,Greedy,E34,"(14, 61)",4,28.0
66,Greedy,E35,"(13, 5)",9,15.0
66,Greedy,E36,"(56, 55)",9,11.0
66,Greedy,E37,"(97, 53)",2,21.0
66,Auction,E15,"(65, 1)",43,27.0
66,Auction,E17,"(54, 63)",35,23.0
66,Auction,E18,"(4, 61)",36,24.0
66,Auction,E20,"(53, 51)",34,26.0
66,Auction,E23,"(69, 23)",23,26.0
66,Auction,E24,"(55, 11)",28,11.0
66,Auction,E25,"(22, 62)",22,23.0
66,Auction,E26,"(6, 69)",20,19.0
66,Auction,E27,"(7, 66)",18,10.0
66,Auction,E29,"(9, 50)",16,17.0
66,Auction,E30,"(37, 84)",13,11.0
66,Auction,E31,"(80, 21)",12,13.0
66,Auction,E32,"(75, 43)",13,24.0
66,Auction,E33,"(88, 65)",12,12.0
66,Auction,E34,"(14, 61)",4,28.0
66,Auction,E35,"(13, 5)",9,15.0
66,Auction,E36,"(56, 55)",9,11.0
66,Auction,E37,"(97, 53)",2,21.0
66,Q-Learning,E12,"(1, 47)",45,21.0
66,Q-Learning,E14,"(51, 62)",41,25.0
66,Q-Learning,E15,"(65, 1)",43,27.0
66,Q-Learning,E19,"(14, 72)",34,16.0
66,Q-Learning,E20,"(53, 51)",34,26.0
66,Q-Learning,E21,"(28, 67)",32,28.0
66,Q-Learning,E22,"(84, 82)",26,12.0
66,Q-Learning,E23,"(69, 23)",23,26.0
66,Q-Learning,E25,"(22, 62)",22,23.0
66,Q-Learning,E26,"(6, 69)",20,19.0
66,Q-Learning,E28,"(57, 40)",22,10.0
66,Q-Learning,E29,"(9, 50)",16,17.0
66,Q-Learning,E30,"(37, 84)",13,11.0
66,Q-Learning,E32,"(75, 43)",13,24.0
66,Q-Learning,E33,"(88, 65)",12,12.0
66,Q-Learning,E34,"(14, 61)",4,28.0
66,Q-Learning,E35,"(13, 5)",9,15.0
66,Q-Learning,E36,"(56, 55)",9,11.0
66,Q-Learning,E37,"(97, 53)",2,21.0
67,Greedy,E14,"(51, 62)",42,25.0
67,Greedy,E16,"(36, 44)",41,29.0
67,Greedy,E17,"(54, 63)",36,23.0
67,Greedy,E18,"(4, 61)",37,24.0
67,Greedy,E19,"(14, 72)",35,16.0
67,Greedy,E20,"(53, 51)",35,26.0
67,Greedy,E21,"(28, 67)",33,28.0
67,Greedy,E23,"(69, 23)",24,26.0
67,Greedy,E25,"(22, 62)",23,23.0
67,Greedy,E26,"(6, 69)",21,19.0
67,Greedy,E27,"(7, 66)",19,10.0
67,Greedy,E28,"(57, 40)",23,10.0
67,Greedy,E29,"(9, 50)",17,17.0
67,Greedy,E30,"(37, 84)",14,11.0
67,Greedy,E31,"(80, 21)",13,13.0
67,Greedy,E32,"(75, 43)",14,24.0
67,Greedy,E33,"(88, 65)",13,12.0
67,Greedy,E34,"(14, 61)",5,28.0
67,Greedy,E35,"(13, 5)",10,15.0
67,Greedy,E36,"(56, 55)",10,11.0
67,Greedy,E37,"(97, 53)",3,21.0
67,Greedy,E38,"(76, 97)",1,17.0
67,Auction,E15,"(65, 1)",44,27.0
67,Auction,E17,"(54, 63)",36,23.0
67,Auction,E18,"(4, 61)",37,24.0
67,Auction,E20,"(53, 51)",35,26.0
67,Auction,E23,"(69, 23)",24,26.0
67,Auction,E24,"(55, 11)",29,11.0
67,Auction,E25,"(22, 62)",23,23.0
67,Auction,E26,"(6, 69)",21,19.0
67,Auction,E27,"(7, 66)",19,10.0
67,Auction,E29,"(9, 50)",17,17.0
67,Auction,E30,"(37, 84)",14,11.0
67,Auction,E31,"(80, 21)",13,13.0
67,Auction,E32,"(75, 43)",14,24.0
67,Auction,E33,"(88, 65)",13,12.0
67,Auction,E34,"(14, 61)",5,28.0
67,Auction,E35,"(13, 5)",10,15.0
67,Auction,E36,"(56, 55)",10,11.0
67,Auction,E37,"(97, 53)",3,21.0
67,Auction,E38,"(76, 97)",1,17.0
67,Q-Learning,E12,"(1, 47)",46,21.0
67,Q-Learning,E14,"(51, 62)",42,25.0
67,Q-Learning,E15,"(65, 1)",44,27.0
67,Q-Learning,E19,"(14, 72)",35,16.0
67,Q-Learning,E20,"(53, 51)",35,26.0
67,Q-Learning,E21,"(28, 67)",33,28.0
67,Q-Learning,E22,"(84, 82)",27,12.0
67,Q-Learning,E23,"(69, 23)",24,26.0
67,Q-Learning,E25,"(22, 62)",23,23.0
67,Q-Learning,E26,"(6, 69)",21,19.0
67,Q-Learning,E28,"(57, 40)",23,10.0
67,Q-Learning,E29,"(9, 50)",17,17.0
67,Q-Learning,E30,"(37, 84)",14,11.0
67,Q-Learning,E32,"(75, 43)",14,24.0
67,Q-Learning,E33,"(88, 65)",13,12.0
67,Q-Learning,E34,"(14, 61)",5,28.0
67,Q-Learning,E35,"(13, 5)",10,15.0
67,Q-Learning,E36,"(56, 55)",10,11.0
67,Q-Learning,E37,"(97, 53)",3,21.0
67,Q-Learning,E38,"(76, 97)",1,17.0
68,Greedy,E14,"(51, 62)",43,25.0
68,Greedy,E16,"(36, 44)",42,29.0
68,Greedy,E17,"(54, 63)",37,23.0
68,Greedy,E18,"(4, 61)",38,24.0
68,Greedy,E19,"(14, 72)",36,16.0
68,Greedy,E20,"(53, 51)",36,26.0
68,Greedy,E21,"(28, 67)",34,28.0
68,Greedy,E23,"(69, 23)",25,26.0
68,Greedy,E25,"(22, 62)",24,23.0
68,Greedy,E26,"(6, 69)",22,19.0
68,Greedy,E27,"(7, 66)",20,10.0
68,Greedy,E28,"(57, 40)",24,10.0
68,Greedy,E29,"(9, 50)",18,17.0
68,Greedy,E30,"(37, 84)",15,11.0
68,Greedy,E31,"(80, 21)",14,13.0
68,Greedy,E32,"(75, 43)",15,24.0
68,Greedy,E33,"(88, 65)",14,12.0
68,Greedy,E34,"(14, 61)",6,28.0
68,Greedy,E35,"(13, 5)",11,15.0
68,Greedy,E36,"(56, 55)",11,11.0
68,Greedy,E37,"(97, 53)",4,21.0
68,Greedy,E38,"(76, 97)",2,17.0
68,Greedy,E39,"(39, 75)",3,11.0
68,Auction,E15,"(65, 1)",45,27.0
68,Auction,E17,"(54, 63)",37,23.0
68,Auction,E18,"(4, 61)",38,24.0
68,Auction,E20,"(53, 51)",36,26.0
68,Auction,E23,"(69, 23)",25,26.0
68,Auction,E24,"(55, 11)",30,11.0
68,Auction,E25,"(22, 62)",24,23.0
68,Auction,E26,"(6, 69)",22,19.0
68,Auction,E27,"(7, 66)",20,10.0
68,Auction,E29,"(9, 50)",18,17.0
68,Auction,E30,"(37, 84)",15,11.0
68,Auction,E31,"(80, 21)",14,13.0
68,Auction,E32,"(75, 43)",15,24.0
68,Auction,E33,"(88, 65)",14,12.0
68,Auction,E34,"(14, 61)",6,28.0
68,Auction,E35,"(13, 5)",11,15.0
68,Auction,E36,"(56, 55)",11,11.0
68,Auction,E37,"(97, 53)",4,21.0
68,Auction,E38,"(76, 97)",2,17.0
68,Auction,E39,"(39, 75)",3,11.0
68,Q-Learning,E12,"(1, 47)",47,21.0
68,Q-Learning,E14,"(51, 62)",43,25.0
68,Q-Learning,E15,"(65, 1)",45,27.0
68,Q-Learning,E19,"(14, 72)",36,16.0
68,Q-Learning,E21,"(28, 67)",34,28.0
68,Q-Learning,E22,"(84, 82)",28,12.0
68,Q-Learning,E23,"(69, 23)",25,26.0
68,Q-Learning,E25,"(22, 62)",24,23.0
68,Q-Learning,E26,"(6, 69)",22,19.0
68,Q-Learning,E28,"(57, 40)",24,10.0
68,Q-Learning,E29,"(9, 50)",18,17.0
68,Q-Learning,E30,"(37, 84)",15,11.0
68,Q-Learning,E32,"(75, 43)",15,24.0
68,Q-Learning,E33,"(88, 65)",14,12.0
68,Q-Learning,E34,"(14, 61)",6,28.0
68,Q-Learning,E35,"(13, 5)",11,15.0
68,Q-Learning,E36,"(56, 55)",11,11.0
68,Q-Learning,E37,"(97, 53)",4,21.0
68,Q-Learning,E38,"(76, 97)",2,17.0
68,Q-Learning,E39,"(39, 75)",3,11.0
69,Greedy,E14,"(51, 62)",44,25.0
69,Greedy,E16,"(36, 44)",43,29.0
69,Greedy,E17,"(54, 63)",38,23.0
69,Greedy,E18,"(4, 61)",39,24.0
69,Greedy,E19,"(14, 72)",37,16.0
69,Greedy,E20,"(53, 51)",37,26.0
69,Greedy,E21,"(28, 67)",35,28.0
69,Greedy,E23,"(69, 23)",26,26.0
69,Greedy,E25,"(22, 62)",25,23.0
69,Greedy,E26,"(6, 69)",23,19.0
69,Greedy,E27,"(7, 66)",21,10.0
69,Greedy,E28,"(57, 40)",25,10.0
69,Greedy,E29,"(9, 50)",19,17.0
69,Greedy,E30,"(37, 84)",16,11.0
69,Greedy,E31,"(80, 21)",15,13.0
69,Greedy,E32,"(75, 43)",16,24.0
69,Greedy,E33,"(88, 65)",15,12.0
69,Greedy,E34,"(14, 61)",7,28.0
69,Greedy,E35,"(13, 5)",12,15.0
69,Greedy,E36,"(56, 55)",12,11.0
69,Greedy,E37,"(97, 53)",5,21.0
69,Greedy,E38,"(76, 97)",3,17.0
69,Greedy,E39,"(39, 75)",4,11.0
69,Greedy,E40,"(38, 65)",8,29.0
69,Auction,E15,"(65, 1)",46,27.0
69,Auction,E17,"(54, 63)",38,23.0
69,Auction,E18,"(4, 61)",39,24.0
69,Auction,E20,"(53, 51)",37,26.0
69,Auction,E23,"(69, 23)",26,26.0
69,Auction,E25,"(22, 62)",25,23.0
69,Auction,E26,"(6, 69)",23,19.0
69,Auction,E27,"(7, 66)",21,10.0
69,Auction,E29,"(9, 50)",19,17.0
69,Auction,E30,"(37, 84)",16,11.0
69,Auction,E31,"(80, 21)",15,13.0
69,Auction,E32,"(75, 43)",16,24.0
69,Auction,E33,"(88, 65)",15,12.0
69,Auction,E34,"(14, 61)",7,28.0
69,Auction,E35,"(13, 5)",12,15.0
69,Auction,E36,"(56, 55)",12,11.0
69,Auction,E37,"(97, 53)",5,21.0
69,Auction,E38,"(76, 97)",3,17.0
69,Auction,E39,"(39, 75)",4,11.0
69,Auction,E40,"(38, 65)",8,29.0
69,Q-Learning,E12,"(1, 47)",48,21.0
69,Q-Learning,E14,"(51, 62)",44,25.0
69,Q-Learning,E15,"(65, 1)",46,27.0
69,Q-Learning,E19,"(14, 72)",37,16.0
69,Q-Learning,E21,"(28, 67)",35,28.0
69,Q-Learning,E22,"(84, 82)",29,12.0
69,Q-Learning,E23,"(69, 23)",26,26.0
69,Q-Learning,E25,"(22, 62)",25,23.0
69,Q-Learning,E26,"(6, 69)",23,19.0
69,Q-Learning,E28,"(57, 40)",25,10.0
69,Q-Learning,E29,"(9, 50)",19,17.0
69,Q-Learning,E30,"(37, 84)",16,11.0
69,Q-Learning,E32,"(75, 43)",16,24.0
69,Q-Learning,E33,"(88, 65)",15,12.0
69,Q-Learning,E34,"(14, 61)",7,28.0
69,Q-Learning,E35,"(13, 5)",12,15.0
69,Q-Learning,E36,"(56, 55)",12,11.0
69,Q-Learning,E37,"(97, 53)",5,21.0
69,Q-Learning,E38,"(76, 97)",3,17.0
69,Q-Learning,E39,"(39, 75)",4,11.0
69,Q-Learning,E40,"(38, 65)",8,29.0
70,Greedy,E14,"(51, 62)",45,25.0
70,Greedy,E16,"(36, 44)",44,29.0
70,Greedy,E17,"(54, 63)",39,23.0
70,Greedy,E18,"(4, 61)",40,24.0
70,Greedy,E19,"(14, 72)",38,16.0
70,Greedy,E20,"(53, 51)",38,26.0
70,Greedy,E21,"(28, 67)",36,28.0
70,Greedy,E23,"(69, 23)",27,26.0
70,Greedy,E25,"(22, 62)",26,23.0
70,Greedy,E26,"(6, 69)",24,19.0
70,Greedy,E27,"(7, 66)",22,10.0
70,Greedy,E28,"(57, 40)",26,10.0
70,Greedy,E29,"(9, 50)",20,17.0
70,Greedy,E30,"(37, 84)",17,11.0
70,Greedy,E31,"(80, 21)",16,13.0
70,Greedy,E32,"(75, 43)",17,24.0
70,Greedy,E33,"(88, 65)",16,12.0
70,Greedy,E34,"(14, 61)",8,28.0
70,Greedy,E35,"(13, 5)",13,15.0
70,Greedy,E36,"(56, 55)",13,11.0
70,Greedy,E37,"(97, 53)",6,21.0
70,Greedy,E38,"(76, 97)",4,17.0
70,Greedy,E39,"(39, 75)",5,11.0
70,Greedy,E40,"(38, 65)",9,29.0
70,Greedy,E41,"(90, 55)",4,10.0
70,Auction,E15,"(65, 1)",47,27.0
70,Auction,E17,"(54, 63)",39,23.0
70,Auction,E18,"(4, 61)",40,24.0
70,Auction,E20,"(53, 51)",38,26.0
70,Auction,E23,"(69, 23)",27,26.0
70,Auction,E25,"(22, 62)",26,23.0
70,Auction,E26,"(6, 69)",24,19.0
70,Auction,E27,"(7, 66)",22,10.0
70,Auction,E29,"(9, 50)",20,17.0
70,Auction,E30,"(37, 84)",17,11.0
70,Auction,E31,"(80, 21)",16,13.0
70,Auction,E32,"(75, 43)",17,24.0
70,Auction,E33,"(88, 65)",16,12.0
70,Auction,E34,"(14, 61)",8,28.0
70,Auction,E35,"(13, 5)",13,15.0
70,Auction,E36,"(56, 55)",13,11.0
70,Auction,E37,"(97, 53)",6,21.0
70,Auction,E38,"(76, 97)",4,17.0
70,Auction,E39,"(39, 75)",5,11.0
70,Auction,E40,"(38, 65)",9,29.0
70,Auction,E41,"(90, 55)",4,10.0
70,Q-Learning,E12,"(1, 47)",49,21.0
70,Q-Learning,E14,"(51, 62)",45,25.0
70,Q-Learning,E15,"(65, 1)",47,27.0
70,Q-Learning,E19,"(14, 72)",38,16.0
70,Q-Learning,E21,"(28, 67)",36,28.0
70,Q-Learning,E22,"(84, 82)",30,12.0
70,Q-Learning,E23,"(69, 23)",27,26.0
70,Q-Learning,E25,"(22, 62)",26,23.0
70,Q-Learning,E26,"(6, 69)",24,19.0
70,Q-Learning,E28,"(57, 40)",26,10.0
70,Q-Learning,E29,"(9, 50)",20,17.0
70,Q-Learning,E30,"(37, 84)",17,11.0
70,Q-Learning,E32,"(75, 43)",17,24.0
70,Q-Learning,E33,"(88, 65)",16,12.0
70,Q-Learning,E34,"(14, 61)",8,28.0
70,Q-Learning,E35,"(13, 5)",13,15.0
70,Q-Learning,E36,"(56, 55)",13,11.0
70,Q-Learning,E37,"(97, 53)",6,21.0
70,Q-Learning,E38,"(76, 97)",4,17.0
70,Q-Learning,E39,"(39, 75)",5,11.0
70,Q-Learning,E40,"(38, 65)",9,29.0
70,Q-Learning,E41,"(90, 55)",4,10.0
71,Greedy,E14,"(51, 62)",46,25.0
71,Greedy,E16,"(36, 44)",45,29.0
71,Greedy,E17,"(54, 63)",40,23.0
71,Greedy,E18,"(4, 61)",41,24.0
71,Greedy,E20,"(53, 51)",39,26.0
71,Greedy,E21,"(28, 67)",37,28.0
71,Greedy,E23,"(69, 23)",28,26.0
71,Greedy,E25,"(22, 62)",27,23.0
71,Greedy,E26,"(6, 69)",25,19.0
71,Greedy,E27,"(7, 66)",23,10.0
71,Greedy,E28,"(57, 40)",27,10.0
71,Greedy,E29,"(9, 50)",21,17.0
71,Greedy,E30,"(37, 84)",18,11.0
71,Greedy,E31,"(80, 21)",17,13.0
71,Greedy,E32,"(75, 43)",18,24.0
71,Greedy,E33,"(88, 65)",17,12.0
71,Greedy,E34,"(14, 61)",9,28.0
71,Greedy,E35,"(13, 5)",14,15.0
71,Greedy,E36,"(56, 55)",14,11.0
71,Greedy,E37,"(97, 53)",7,21.0
71,Greedy,E38,"(76, 97)",5,17.0
71,Greedy,E39,"(39, 75)",6,11.0
71,Greedy,E40,"(38, 65)",10,29.0
71,Greedy,E41,"(90, 55)",5,10.0
71,Greedy,E42,"(96, 18)",10,29.0
71,Auction,E15,"(65, 1)",48,27.0
71,Auction,E17,"(54, 63)",40,23.0
71,Auction,E18,"(4, 61)",41,24.0
71,Auction,E20,"(53, 51)",39,26.0
71,Auction,E23,"(69, 23)",28,26.0
71,Auction,E25,"(22, 62)",27,23.0
71,Auction,E26,"(6, 69)",25,19.0
71,Auction,E27,"(7, 66)",23,10.0
71,Auction,E29,"(9, 50)",21,17.0
71,Auction,E30,"(37, 84)",18,11.0
71,Auction,E31,"(80, 21)",17,13.0
71,Auction,E32,"(75, 43)",18,24.0
71,Auction,E33,"(88, 65)",17,12.0
71,Auction,E34,"(14, 61)",9,28.0
71,Auction,E35,"(13, 5)",14,15.0
71,Auction,E36,"(56, 55)",14,11.0
71,Auction,E37,"(97, 53)",7,21.0
71,Auction,E38,"(76, 97)",5,17.0
71,Auction,E39,"(39, 75)",6,11.0
71,Auction,E40,"(38, 65)",10,29.0
71,Auction,E41,"(90, 55)",5,10.0
71,Auction,E42,"(96, 18)",10,29.0
71,Q-Learning,E12,"(1, 47)",50,21.0
71,Q-Learning,E14,"(51, 62)",46,25.0
71,Q-Learning,E15,"(65, 1)",48,27.0
71,Q-Learning,E19,"(14, 72)",39,16.0
71,Q-Learning,E21,"(28, 67)",37,28.0
71,Q-Learning,E22,"(84, 82)",31,12.0
71,Q-Learning,E23,"(69, 23)",28,26.0
71,Q-Learning,E25,"(22, 62)",27,23.0
71,Q-Learning,E26,"(6, 69)",25,19.0
71,Q-Learning,E28,"(57, 40)",27,10.0
71,Q-Learning,E29,"(9, 50)",21,17.0
71,Q-Learning,E30,"(37, 84)",18,11.0
71,Q-Learning,E32,"(75, 43)",18,24.0
71,Q-Learning,E33,"(88, 65)",17,12.0
71,Q-Learning,E34,"(14, 61)",9,28.0
71,Q-Learning,E35,"(13, 5)",14,15.0
71,Q-Learning,E36,"(56, 55)",14,11.0
71,Q-Learning,E37,"(97, 53)",7,21.0
71,Q-Learning,E38,"(76, 97)",5,17.0
71,Q-Learning,E39,"(39, 75)",6,11.0
71,Q-Learning,E40,"(38, 65)",10,29.0
71,Q-Learning,E41,"(90, 55)",5,10.0
71,Q-Learning,E42,"(96, 18)",10,29.0
72,Greedy,E14,"(51, 62)",47,25.0
72,Greedy,E16,"(36, 44)",46,29.0
72,Greedy,E17,"(54, 63)",41,23.0
72,Greedy,E18,"(4, 61)",42,24.0
72,Greedy,E20,"(53, 51)",40,26.0
72,Greedy,E21,"(28, 67)",38,28.0
72,Greedy,E23,"(69, 23)",29,26.0
72,Greedy,E25,"(22, 62)",28,23.0
72,Greedy,E26,"(6, 69)",26,19.0
72,Greedy,E27,"(7, 66)",24,10.0
72,Greedy,E28,"(57, 40)",28,10.0
72,Greedy,E29,"(9, 50)",22,17.0
72,Greedy,E30,"(37, 84)",19,11.0
72,Greedy,E31,"(80, 21)",18,13.0
72,Greedy,E32,"(75, 43)",19,24.0
72,Greedy,E33,"(88, 65)",18,12.0
72,Greedy,E34,"(14, 61)",10,28.0
72,Greedy,E35,"(13, 5)",15,15.0
72,Greedy,E36,"(56, 55)",15,11.0
72,Greedy,E37,"(97, 53)",8,21.0
72,Greedy,E38,"(76, 97)",6,17.0
72,Greedy,E39,"(39, 75)",7,11.0
72,Greedy,E40,"(38, 65)",11,29.0
72,Greedy,E41,"(90, 55)",6,10.0
72,Greedy,E42,"(96, 18)",11,29.0
72,Auction,E15,"(65, 1)",49,27.0
72,Auction,E17,"(54, 63)",41,23.0
72,Auction,E18,"(4, 61)",42,24.0
72,Auction,E20,"(53, 51)",40,26.0
72,Auction,E23,"(69, 23)",29,26.0
72,Auction,E25,"(22, 62)",28,23.0
72,Auction,E26,"(6, 69)",26,19.0
72,Auction,E27,"(7, 66)",24,10.0
72,Auction,E29,"(9, 50)",22,17.0
72,Auction,E30,"(37, 84)",19,11.0
72,Auction,E31,"(80, 21)",18,13.0
72,Auction,E32,"(75, 43)",19,24.0
72,Auction,E33,"(88, 65)",18,12.0
72,Auction,E34,"(14, 61)",10,28.0
72,Auction,E35,"(13, 5)",15,15.0
72,Auction,E36,"(56, 55)",15,11.0
72,Auction,E37,"(97, 53)",8,21.0
72,Auction,E38,"(76, 97)",6,17.0
72,Auction,E39,"(39, 75)",7,11.0
72,Auction,E40,"(38, 65)",11,29.0
72,Auction,E41,"(90, 55)",6,10.0
72,Auction,E42,"(96, 18)",11,29.0
72,Q-Learning,E12,"(1, 47)",51,21.0
72,Q-Learning,E14,"(51, 62)",47,25.0
72,Q-Learning,E15,"(65, 1)",49,27.0
72,Q-Learning,E19,"(14, 72)",40,16.0
72,Q-Learning,E21,"(28, 67)",38,28.0
72,Q-Learning,E22,"(84, 82)",32,12.0
72,Q-Learning,E23,"(69, 23)",29,26.0
72,Q-Learning,E25,"(22, 62)",28,23.0
72,Q-Learning,E26,"(6, 69)",26,19.0
72,Q-Learning,E28,"(57, 40)",28,10.0
72,Q-Learning,E29,"(9, 50)",22,17.0
72,Q-Learning,E30,"(37, 84)",19,11.0
72,Q-Learning,E32,"(75, 43)",19,24.0
72,Q-Learning,E33,"(88, 65)",18,12.0
72,Q-Learning,E34,"(14, 61)",10,28.0
72,Q-Learning,E35,"(13, 5)",15,15.0
72,Q-Learning,E36,"(56, 55)",15,11.0
72,Q-Learning,E37,"(97, 53)",8,21.0
72,Q-Learning,E38,"(76, 97)",6,17.0
72,Q-Learning,E39,"(39, 75)",7,11.0
72,Q-Learning,E40,"(38, 65)",11,29.0
72,Q-Learning,E41,"(90, 55)",6,10.0
72,Q-Learning,E42,"(96, 18)",11,29.0
73,Greedy,E14,"(51, 62)",48,25.0
73,Greedy,E16,"(36, 44)",47,29.0
73,Greedy,E17,"(54, 63)",42,23.0
73,Greedy,E18,"(4, 61)",43,24.0
73,Greedy,E20,"(53, 51)",41,26.0
73,Greedy,E21,"(28, 67)",39,28.0
73,Greedy,E23,"(69, 23)",30,26.0
73,Greedy,E25,"(22, 62)",29,23.0
73,Greedy,E26,"(6, 69)",27,19.0
73,Greedy,E27,"(7, 66)",25,10.0
73,Greedy,E29,"(9, 50)",23,17.0
73,Greedy,E30,"(37, 84)",20,11.0
73,Greedy,E31,"(80, 21)",19,13.0
73,Greedy,E32,"(75, 43)",20,24.0
73,Greedy,E33,"(88, 65)",19,12.0
73,Greedy,E34,"(14, 61)",11,28.0
73,Greedy,E35,"(13, 5)",16,15.0
73,Greedy,E36,"(56, 55)",16,11.0
73,Greedy,E37,"(97, 53)",9,21.0
73,Greedy,E38,"(76, 97)",7,17.0
73,Greedy,E39,"(39, 75)",8,11.0
73,Greedy,E40,"(38, 65)",12,29.0
73,Greedy,E41,"(90, 55)",7,10.0
73,Greedy,E42,"(96, 18)",12,29.0
73,Auction,E15,"(65, 1)",50,27.0
73,Auction,E17,"(54, 63)",42,23.0
73,Auction,E18,"(4, 61)",43,24.0
73,Auction,E20,"(53, 51)",41,26.0
73,Auction,E23,"(69, 23)",30,26.0
73,Auction,E25,"(22, 62)",29,23.0
73,Auction,E26,"(6, 69)",27,19.0
73,Auction,E27,"(7, 66)",25,10.0
73,Auction,E29,"(9, 50)",23,17.0
73,Auction,E30,"(37, 84)",20,11.0
73,Auction,E31,"(80, 21)",19,13.0
73,Auction,E32,"(75, 43)",20,24.0
73,Auction,E33,"(88, 65)",19,12.0
73,Auction,E34,"(14, 61)",11,28.0
73,Auction,E35,"(13, 5)",16,15.0
73,Auction,E36,"(56, 55)",16,11.0
73,Auction,E37,"(97, 53)",9,21.0
73,Auction,E38,"(76, 97)",7,17.0
73,Auction,E39,"(39, 75)",8,11.0
73,Auction,E40,"(38, 65)",12,29.0
73,Auction,E41,"(90, 55)",7,10.0
73,Auction,E42,"(96, 18)",12,29.0
73,Q-Learning,E12,"(1, 47)",52,21.0
73,Q-Learning,E14,"(51, 62)",48,25.0
73,Q-Learning,E15,"(65, 1)",50,27.0
73,Q-Learning,E21,"(28, 67)",39,28.0
73,Q-Learning,E22,"(84, 82)",33,12.0
73,Q-Learning,E23,"(69, 23)",30,26.0
73,Q-Learning,E25,"(22, 62)",29,23.0
73,Q-Learning,E26,"(6, 69)",27,19.0
73,Q-Learning,E28,"(57, 40)",29,10.0
73,Q-Learning,E29,"(9, 50)",23,17.0
73,Q-Learning,E30,"(37, 84)",20,11.0
73,Q-Learning,E32,"(75, 43)",20,24.0
73,Q-Learning,E33,"(88, 65)",19,12.0
73,Q-Learning,E34,"(14, 61)",11,28.0
73,Q-Learning,E35,"(13, 5)",16,15.0
73,Q-Learning,E36,"(56, 55)",16,11.0
73,Q-Learning,E37,"(97, 53)",9,21.0
73,Q-Learning,E38,"(76, 97)",7,17.0
73,Q-Learning,E39,"(39, 75)",8,11.0
73,Q-Learning,E40,"(38, 65)",12,29.0
73,Q-Learning,E41,"(90, 55)",7,10.0
73,Q-Learning,E42,"(96, 18)",12,29.0
74,Greedy,E14,"(51, 62)",49,25.0
74,Greedy,E16,"(36, 44)",48,29.0
74,Greedy,E17,"(54, 63)",43,23.0
74,Greedy,E18,"(4, 61)",44,24.0
74,Greedy,E20,"(53, 51)",42,26.0
74,Greedy,E21,"(28, 67)",40,28.0
74,Greedy,E23,"(69, 23)",31,26.0
74,Greedy,E25,"(22, 62)",30,23.0
74,Greedy,E26,"(6, 69)",28,19.0
74,Greedy,E27,"(7, 66)",26,10.0
74,Greedy,E29,"(9, 50)",24,17.0
74,Greedy,E30,"(37, 84)",21,11.0
74,Greedy,E31,"(80, 21)",20,13.0
74,Greedy,E32,"(75, 43)",21,24.0
74,Greedy,E33,"(88, 65)",20,12.0
74,Greedy,E34,"(14, 61)",12,28.0
74,Greedy,E35,"(13, 5)",17,15.0
74,Greedy,E36,"(56, 55)",17,11.0
74,Greedy,E37,"(97, 53)",10,21.0
74,Greedy,E38,"(76, 97)",8,17.0
74,Greedy,E39,"(39, 75)",9,11.0
74,Greedy,E40,"(38, 65)",13,29.0
74,Greedy,E41,"(90, 55)",8,10.0
74,Greedy,E42,"(96, 18)",13,29.0
74,Auction,E15,"(65, 1)",51,27.0
74,Auction,E17,"(54, 63)",43,23.0
74,Auction,E18,"(4, 61)",44,24.0
74,Auction,E20,"(53, 51)",42,26.0
74,Auction,E23,"(69, 23)",31,26.0
74,Auction,E25,"(22, 62)",30,23.0
74,Auction,E26,"(6, 69)",28,19.0
74,Auction,E27,"(7, 66)",26,10.0
74,Auction,E29,"(9, 50)",24,17.0
74,Auction,E30,"(37, 84)",21,11.0
74,Auction,E31,"(80, 21)",20,13.0
74,Auction,E32,"(75, 43)",21,24.0
74,Auction,E33,"(88, 65)",20,12.0
74,Auction,E34,"(14, 61)",12,28.0
74,Auction,E35,"(13, 5)",17,15.0
74,Auction,E36,"(56, 55)",17,11.0
74,Auction,E37,"(97, 53)",10,21.0
74,Auction,E38,"(76, 97)",8,17.0
74,Auction,E39,"(39, 75)",9,11.0
74,Auction,E40,"(38, 65)",13,29.0
74,Auction,E41,"(90, 55)",8,10.0
74,Auction,E42,"(96, 18)",13,29.0
74,Q-Learning,E12,"(1, 47)",53,21.0
74,Q-Learning,E14,"(51, 62)",49,25.0
74,Q-Learning,E15,"(65, 1)",51,27.0
74,Q-Learning,E21,"(28, 67)",40,28.0
74,Q-Learning,E22,"(84, 82)",34,12.0
74,Q-Learning,E23,"(69, 23)",31,26.0
74,Q-Learning,E25,"(22, 62)",30,23.0
74,Q-Learning,E26,"(6, 69)",28,19.0
74,Q-Learning,E28,"(57, 40)",30,10.0
74,Q-Learning,E29,"(9, 50)",24,17.0
74,Q-Learning,E30,"(37, 84)",21,11.0
74,Q-Learning,E32,"(75, 43)",21,24.0
74,Q-Learning,E33,"(88, 65)",20,12.0
74,Q-Learning,E34,"(14, 61)",12,28.0
74,Q-Learning,E35,"(13, 5)",17,15.0
74,Q-Learning,E36,"(56, 55)",17,11.0
74,Q-Learning,E37,"(97, 53)",10,21.0
74,Q-Learning,E38,"(76, 97)",8,17.0
74,Q-Learning,E39,"(39, 75)",9,11.0
74,Q-Learning,E40,"(38, 65)",13,29.0
74,Q-Learning,E41,"(90, 55)",8,10.0
74,Q-Learning,E42,"(96, 18)",13,29.0
75,Greedy,E14,"(51, 62)",50,25.0
75,Greedy,E16,"(36, 44)",49,29.0
75,Greedy,E17,"(54, 63)",44,23.0
75,Greedy,E18,"(4, 61)",45,24.0
75,Greedy,E20,"(53, 51)",43,26.0
75,Greedy,E21,"(28, 67)",41,28.0
75,Greedy,E23,"(69, 23)",32,26.0
75,Greedy,E25,"(22, 62)",31,23.0
75,Greedy,E26,"(6, 69)",29,19.0
75,Greedy,E27,"(7, 66)",27,10.0
75,Greedy,E29,"(9, 50)",25,17.0
75,Greedy,E30,"(37, 84)",22,11.0
75,Greedy,E31,"(80, 21)",21,13.0
75,Greedy,E32,"(75, 43)",22,24.0
75,Greedy,E33,"(88, 65)",21,12.0
75,Greedy,E34,"(14, 61)",13,28.0
75,Greedy,E35,"(13, 5)",18,15.0
75,Greedy,E36,"(56, 55)",18,11.0
75,Greedy,E37,"(97, 53)",11,21.0
75,Greedy,E38,"(76, 97)",9,17.0
75,Greedy,E39,"(39, 75)",10,11.0
75,Greedy,E40,"(38, 65)",14,29.0
75,Greedy,E41,"(90, 55)",9,10.0
75,Greedy,E42,"(96, 18)",14,29.0
75,Auction,E15,"(65, 1)",52,27.0
75,Auction,E17,"(54, 63)",44,23.0
75,Auction,E18,"(4, 61)",45,24.0
75,Auction,E20,"(53, 51)",43,26.0
75,Auction,E23,"(69, 23)",32,26.0
75,Auction,E25,"(22, 62)",31,23.0
75,Auction,E26,"(6, 69)",29,19.0
75,Auction,E27,"(7, 66)",27,10.0
75,Auction,E29,"(9, 50)",25,17.0
75,Auction,E30,"(37, 84)",22,11.0
75,Auction,E31,"(80, 21)",21,13.0
75,Auction,E32,"(75, 43)",22,24.0
75,Auction,E33,"(88, 65)",21,12.0
75,Auction,E34,"(14, 61)",13,28.0
75,Auction,E35,"(13, 5)",18,15.0
75,Auction,E36,"(56, 55)",18,11.0
75,Auction,E37,"(97, 53)",11,21.0
75,Auction,E38,"(76, 97)",9,17.0
75,Auction,E39,"(39, 75)",10,11.0
75,Auction,E40,"(38, 65)",14,29.0
75,Auction,E41,"(90, 55)",9,10.0
75,Auction,E42,"(96, 18)",14,29.0
75,Q-Learning,E12,"(1, 47)",54,21.0
75,Q-Learning,E14,"(51, 62)",50,25.0
75,Q-Learning,E15,"(65, 1)",52,27.0
75,Q-Learning,E21,"(28, 67)",41,28.0
75,Q-Learning,E22,"(84, 82)",35,12.0
75,Q-Learning,E23,"(69, 23)",32,26.0
75,Q-Learning,E25,"(22, 62)",31,23.0
75,Q-Learning,E26,"(6, 69)",29,19.0
75,Q-Learning,E28,"(57, 40)",31,10.0
75,Q-Learning,E29,"(9, 50)",25,17.0
75,Q-Learning,E30,"(37, 84)",22,11.0
75,Q-Learning,E32,"(75, 43)",22,24.0
75,Q-Learning,E33,"(88, 65)",21,12.0
75,Q-Learning,E34,"(14, 61)",13,28.0
75,Q-Learning,E35,"(13, 5)",18,15.0
75,Q-Learning,E36,"(56, 55)",18,11.0
75,Q-Learning,E37,"(97, 53)",11,21.0
75,Q-Learning,E38,"(76, 97)",9,17.0
75,Q-Learning,E39,"(39, 75)",10,11.0
75,Q-Learning,E40,"(38, 65)",14,29.0
75,Q-Learning,E41,"(90, 55)",9,10.0
75,Q-Learning,E42,"(96, 18)",14,29.0
76,Greedy,E14,"(51, 62)",51,25.0
76,Greedy,E16,"(36, 44)",50,29.0
76,Greedy,E17,"(54, 63)",45,23.0
76,Greedy,E18,"(4, 61)",46,24.0
76,Greedy,E20,"(53, 51)",44,26.0
76,Greedy,E21,"(28, 67)",42,28.0
76,Greedy,E23,"(69, 23)",33,26.0
76,Greedy,E25,"(22, 62)",32,23.0
76,Greedy,E26,"(6, 69)",30,19.0
76,Greedy,E27,"(7, 66)",28,10.0
76,Greedy,E29,"(9, 50)",26,17.0
76,Greedy,E30,"(37, 84)",23,11.0
76,Greedy,E31,"(80, 21)",22,13.0
76,Greedy,E32,"(75, 43)",23,24.0
76,Greedy,E33,"(88, 65)",22,12.0
76,Greedy,E34,"(14, 61)",14,28.0
76,Greedy,E35,"(13, 5)",19,15.0
76,Greedy,E36,"(56, 55)",19,11.0
76,Greedy,E37,"(97, 53)",12,21.0
76,Greedy,E38,"(76, 97)",10,17.0
76,Greedy,E39,"(39, 75)",11,11.0
76,Greedy,E40,"(38, 65)",15,29.0
76,Greedy,E41,"(90, 55)",10,10.0
76,Greedy,E42,"(96, 18)",15,29.0
76,Greedy,E43,"(24, 9)",1,11.0
76,Auction,E15,"(65, 1)",53,27.0
76,Auction,E17,"(54, 63)",45,23.0
76,Auction,E18,"(4, 61)",46,24.0
76,Auction,E20,"(53, 51)",44,26.0
76,Auction,E23,"(69, 23)",33,26.0
76,Auction,E25,"(22, 62)",32,23.0
76,Auction,E26,"(6, 69)",30,19.0
76,Auction,E27,"(7, 66)",28,10.0
76,Auction,E29,"(9, 50)",26,17.0
76,Auction,E30,"(37, 84)",23,11.0
76,Auction,E31,"(80, 21)",22,13.0
76,Auction,E32,"(75, 43)",23,24.0
76,Auction,E33,"(88, 65)",22,12.0
76,Auction,E34,"(14, 61)",14,28.0
76,Auction,E35,"(13, 5)",19,15.0
76,Auction,E36,"(56, 55)",19,11.0
76,Auction,E37,"(97, 53)",12,21.0
76,Auction,E38,"(76, 97)",10,17.0
76,Auction,E39,"(39, 75)",11,11.0
76,Auction,E40,"(38, 65)",15,29.0
76,Auction,E41,"(90, 55)",10,10.0
76,Auction,E42,"(96, 18)",15,29.0
76,Auction,E43,"(24, 9)",1,11.0
76,Q-Learning,E12,"(1, 47)",55,21.0
76,Q-Learning,E14,"(51, 62)",51,25.0
76,Q-Learning,E15,"(65, 1)",53,27.0
76,Q-Learning,E21,"(28, 67)",42,28.0
76,Q-Learning,E22,"(84, 82)",36,12.0
76,Q-Learning,E23,"(69, 23)",33,26.0
76,Q-Learning,E25,"(22, 62)",32,23.0
76,Q-Learning,E26,"(6, 69)",30,19.0
76,Q-Learning,E28,"(57, 40)",32,10.0
76,Q-Learning,E29,"(9, 50)",26,17.0
76,Q-Learning,E30,"(37, 84)",23,11.0
76,Q-Learning,E32,"(75, 43)",23,24.0
76,Q-Learning,E33,"(88, 65)",22,12.0
76,Q-Learning,E34,"(14, 61)",14,28.0
76,Q-Learning,E35,"(13, 5)",19,15.0
76,Q-Learning,E36,"(56, 55)",19,11.0
76,Q-Learning,E37,"(97, 53)",12,21.0
76,Q-Learning,E38,"(76, 97)",10,17.0
76,Q-Learning,E39,"(39, 75)",11,11.0
76,Q-Learning,E40,"(38, 65)",15,29.0
76,Q-Learning,E41,"(90, 55)",10,10.0
76,Q-Learning,E42,"(96, 18)",15,29.0
76,Q-Learning,E43,"(24, 9)",1,11.0
77,Greedy,E14,"(51, 62)",52,25.0
77,Greedy,E16,"(36, 44)",51,29.0
77,Greedy,E17,"(54, 63)",46,23.0
77,Greedy,E18,"(4, 61)",47,24.0
77,Greedy,E20,"(53, 51)",45,26.0
77,Greedy,E21,"(28, 67)",43,28.0
77,Greedy,E23,"(69, 23)",34,26.0
77,Greedy,E25,"(22, 62)",33,23.0
77,Greedy,E26,"(6, 69)",31,19.0
77,Greedy,E27,"(7, 66)",29,10.0
77,Greedy,E29,"(9, 50)",27,17.0
77,Greedy,E30,"(37, 84)",24,11.0
77,Greedy,E31,"(80, 21)",23,13.0
77,Greedy,E32,"(75, 43)",24,24.0
77,Greedy,E33,"(88, 65)",23,12.0
77,Greedy,E34,"(14, 61)",15,28.0
77,Greedy,E35,"(13, 5)",20,15.0
77,Greedy,E36,"(56, 55)",20,11.0
77,Greedy,E37,"(97, 53)",13,21.0
77,Greedy,E38,"(76, 97)",11,17.0
77,Greedy,E39,"(39, 75)",12,11.0
77,Greedy,E40,"(38, 65)",16,29.0
77,Greedy,E41,"(90, 55)",11,10.0
77,Greedy,E42,"(96, 18)",16,29.0
77,Greedy,E43,"(24, 9)",2,11.0
77,Auction,E15,"(65, 1)",54,27.0
77,Auction,E17,"(54, 63)",46,23.0
77,Auction,E18,"(4, 61)",47,24.0
77,Auction,E20,"(53, 51)",45,26.0
77,Auction,E23,"(69, 23)",34,26.0
77,Auction,E25,"(22, 62)",33,23.0
77,Auction,E26,"(6, 69)",31,19.0
77,Auction,E27,"(7, 66)",29,10.0
77,Auction,E29,"(9, 50)",27,17.0
77,Auction,E30,"(37, 84)",24,11.0
77,Auction,E31,"(80, 21)",23,13.0
77,Auction,E32,"(75, 43)",24,24.0
77,Auction,E33,"(88, 65)",23,12.0
77,Auction,E34,"(14, 61)",15,28.0
77,Auction,E35,"(13, 5)",20,15.0
77,Auction,E36,"(56, 55)",20,11.0
77,Auction,E37,"(97, 53)",13,21.0
77,Auction,E38,"(76, 97)",11,17.0
77,Auction,E39,"(39, 75)",12,11.0
77,Auction,E40,"(38, 65)",16,29.0
77,Auction,E41,"(90, 55)",11,10.0
77,Auction,E42,"(96, 18)",16,29.0
77,Auction,E43,"(24, 9)",2,11.0
77,Q-Learning,E12,"(1, 47)",56,21.0
77,Q-Learning,E14,"(51, 62)",52,25.0
77,Q-Learning,E15,"(65, 1)",54,27.0
77,Q-Learning,E21,"(28, 67)",43,28.0
77,Q-Learning,E22,"(84, 82)",37,12.0
77,Q-Learning,E23,"(69, 23)",34,26.0
77,Q-Learning,E25,"(22, 62)",33,23.0
77,Q-Learning,E26,"(6, 69)",31,19.0
77,Q-Learning,E28,"(57, 40)",33,10.0
77,Q-Learning,E29,"(9, 50)",27,17.0
77,Q-Learning,E30,"(37, 84)",24,11.0
77,Q-Learning,E32,"(75, 43)",24,24.0
77,Q-Learning,E33,"(88, 65)",23,12.0
77,Q-Learning,E34,"(14, 61)",15,28.0
77,Q-Learning,E35,"(13, 5)",20,15.0
77,Q-Learning,E36,"(56, 55)",20,11.0
77,Q-Learning,E37,"(97, 53)",13,21.0
77,Q-Learning,E38,"(76, 97)",11,17.0
77,Q-Learning,E39,"(39, 75)",12,11.0
77,Q-Learning,E40,"(38, 65)",16,29.0
77,Q-Learning,E41,"(90, 55)",11,10.0
77,Q-Learning,E42,"(96, 18)",16,29.0
77,Q-Learning,E43,"(24, 9)",2,11.0
78,Greedy,E14,"(51, 62)",53,25.0
78,Greedy,E16,"(36, 44)",52,29.0
78,Greedy,E17,"(54, 63)",47,23.0
78,Greedy,E18,"(4, 61)",48,24.0
78,Greedy,E20,"(53, 51)",46,26.0
78,Greedy,E21,"(28, 67)",44,28.0
78,Greedy,E23,"(69, 23)",35,26.0
78,Greedy,E25,"(22, 62)",34,23.0
78,Greedy,E26,"(6, 69)",32,19.0
78,Greedy,E27,"(7, 66)",30,10.0
78,Greedy,E29,"(9, 50)",28,17.0
78,Greedy,E30,"(37, 84)",25,11.0
78,Greedy,E31,"(80, 21)",24,13.0
78,Greedy,E32,"(75, 43)",25,24.0
78,Greedy,E33,"(88, 65)",24,12.0
78,Greedy,E34,"(14, 61)",16,28.0
78,Greedy,E35,"(13, 5)",21,15.0
78,Greedy,E36,"(56, 55)",21,11.0
78,Greedy,E37,"(97, 53)",14,21.0
78,Greedy,E38,"(76, 97)",12,17.0
78,Greedy,E39,"(39, 75)",13,11.0
78,Greedy,E40,"(38, 65)",17,29.0
78,Greedy,E41,"(90, 55)",12,10.0
78,Greedy,E42,"(96, 18)",17,29.0
78,Greedy,E43,"(24, 9)",3,11.0
78,Auction,E15,"(65, 1)",55,27.0
78,Auction,E17,"(54, 63)",47,23.0
78,Auction,E18,"(4, 61)",48,24.0
78,Auction,E20,"(53, 51)",46,26.0
78,Auction,E23,"(69, 23)",35,26.0
78,Auction,E25,"(22, 62)",34,23.0
78,Auction,E26,"(6, 69)",32,19.0
78,Auction,E27,"(7, 66)",30,10.0
78,Auction,E29,"(9, 50)",28,17.0
78,Auction,E30,"(37, 84)",25,11.0
78,Auction,E31,"(80, 21)",24,13.0
78,Auction,E32,"(75, 43)",25,24.0
78,Auction,E33,"(88, 65)",24,12.0
78,Auction,E34,"(14, 61)",16,28.0
78,Auction,E35,"(13, 5)",21,15.0
78,Auction,E36,"(56, 55)",21,11.0
78,Auction,E37,"(97, 53)",14,21.0
78,Auction,E38,"(76, 97)",12,17.0
78,Auction,E39,"(39, 75)",13,11.0
78,Auction,E40,"(38, 65)",17,29.0
78,Auction,E41,"(90, 55)",12,10.0
78,Auction,E42,"(96, 18)",17,29.0
78,Auction,E43,"(24, 9)",3,11.0
78,Q-Learning,E12,"(1, 47)",57,21.0
78,Q-Learning,E14,"(51, 62)",53,25.0
78,Q-Learning,E15,"(65, 1)",55,27.0
78,Q-Learning,E21,"(28, 67)",44,28.0
78,Q-Learning,E22,"(84, 82)",38,12.0
78,Q-Learning,E23,"(69, 23)",35,26.0
78,Q-Learning,E25,"(22, 62)",34,23.0
78,Q-Learning,E26,"(6, 69)",32,19.0
78,Q-Learning,E28,"(57, 40)",34,10.0
78,Q-Learning,E29,"(9, 50)",28,17.0
78,Q-Learning,E30,"(37, 84)",25,11.0
78,Q-Learning,E32,"(75, 43)",25,24.0
78,Q-Learning,E33,"(88, 65)",24,12.0
78,Q-Learning,E34,"(14, 61)",16,28.0
78,Q-Learning,E35,"(13, 5)",21,15.0
78,Q-Learning,E36,"(56, 55)",21,11.0
78,Q-Learning,E37,"(97, 53)",14,21.0
78,Q-Learning,E38,"(76, 97)",12,17.0
78,Q-Learning,E39,"(39, 75)",13,11.0
78,Q-Learning,E40,"(38, 65)",17,29.0
78,Q-Learning,E41,"(90, 55)",12,10.0
78,Q-Learning,E42,"(96, 18)",17,29.0
78,Q-Learning,E43,"(24, 9)",3,11.0
79,Greedy,E14,"(51, 62)",54,25.0
79,Greedy,E16,"(36, 44)",53,29.0
79,Greedy,E17,"(54, 63)",48,23.0
79,Greedy,E18,"(4, 61)",49,24.0
79,Greedy,E20,"(53, 51)",47,26.0
79,Greedy,E21,"(28, 67)",45,28.0
79,Greedy,E23,"(69, 23)",36,26.0
79,Greedy,E25,"(22, 62)",35,23.0
79,Greedy,E26,"(6, 69)",33,19.0
79,Greedy,E27,"(7, 66)",31,10.0
79,Greedy,E29,"(9, 50)",29,17.0
79,Greedy,E30,"(37, 84)",26,11.0
79,Greedy,E31,"(80, 21)",25,13.0
79,Greedy,E32,"(75, 43)",26,24.0
79,Greedy,E33,"(88, 65)",25,12.0
79,Greedy,E34,"(14, 61)",17,28.0
79,Greedy,E35,"(13, 5)",22,15.0
79,Greedy,E36,"(56, 55)",22,11.0
79,Greedy,E37,"(97, 53)",15,21.0
79,Greedy,E38,"(76, 97)",13,17.0
79,Greedy,E39,"(39, 75)",14,11.0
79,Greedy,E40,"(38, 65)",18,29.0
79,Greedy,E41,"(90, 55)",13,10.0
79,Greedy,E42,"(96, 18)",18,29.0
79,Greedy,E43,"(24, 9)",4,11.0
79,Auction,E15,"(65, 1)",56,27.0
79,Auction,E17,"(54, 63)",48,23.0
79,Auction,E18,"(4, 61)",49,24.0
79,Auction,E20,"(53, 51)",47,26.0
79,Auction,E23,"(69, 23)",36,26.0
79,Auction,E25,"(22, 62)",35,23.0
79,Auction,E26,"(6, 69)",33,19.0
79,Auction,E27,"(7, 66)",31,10.0
79,Auction,E29,"(9, 50)",29,17.0
79,Auction,E30,"(37, 84)",26,11.0
79,Auction,E31,"(80, 21)",25,13.0
79,Auction,E32,"(75, 43)",26,24.0
79,Auction,E33,"(88, 65)",25,12.0
79,Auction,E34,"(14, 61)",17,28.0
79,Auction,E35,"(13, 5)",22,15.0
79,Auction,E36,"(56, 55)",22,11.0
79,Auction,E37,"(97, 53)",15,21.0
79,Auction,E38,"(76, 97)",13,17.0
79,Auction,E39,"(39, 75)",14,11.0
79,Auction,E40,"(38, 65)",18,29.0
79,Auction,E41,"(90, 55)",13,10.0
79,Auction,E42,"(96, 18)",18,29.0
79,Auction,E43,"(24, 9)",4,11.0
79,Q-Learning,E12,"(1, 47)",58,21.0
79,Q-Learning,E14,"(51, 62)",54,25.0
79,Q-Learning,E15,"(65, 1)",56,27.0
79,Q-Learning,E21,"(28, 67)",45,28.0
79,Q-Learning,E22,"(84, 82)",39,12.0
79,Q-Learning,E23,"(69, 23)",36,26.0
79,Q-Learning,E25,"(22, 62)",35,23.0
79,Q-Learning,E26,"(6, 69)",33,19.0
79,Q-Learning,E28,"(57, 40)",35,10.0
79,Q-Learning,E29,"(9, 50)",29,17.0
79,Q-Learning,E30,"(37, 84)",26,11.0
79,Q-Learning,E32,"(75, 43)",26,24.0
79,Q-Learning,E33,"(88, 65)",25,12.0
79,Q-Learning,E34,"(14, 61)",17,28.0
79,Q-Learning,E35,"(13, 5)",22,15.0
79,Q-Learning,E36,"(56, 55)",22,11.0
79,Q-Learning,E37,"(97, 53)",15,21.0
79,Q-Learning,E38,"(76, 97)",13,17.0
79,Q-Learning,E39,"(39, 75)",14,11.0
79,Q-Learning,E40,"(38, 65)",18,29.0
79,Q-Learning,E41,"(90, 55)",13,10.0
79,Q-Learning,E42,"(96, 18)",18,29.0
79,Q-Learning,E43,"(24, 9)",4,11.0
80,Greedy,E14,"(51, 62)",55,25.0
80,Greedy,E16,"(36, 44)",54,29.0
80,Greedy,E17,"(54, 63)",49,23.0
80,Greedy,E18,"(4, 61)",50,24.0
80,Greedy,E20,"(53, 51)",48,26.0
80,Greedy,E21,"(28, 67)",46,28.0
80,Greedy,E23,"(69, 23)",37,26.0
80,Greedy,E25,"(22, 62)",36,23.0
80,Greedy,E26,"(6, 69)",34,19.0
80,Greedy,E27,"(7, 66)",32,10.0
80,Greedy,E29,"(9, 50)",30,17.0
80,Greedy,E30,"(37, 84)",27,11.0
80,Greedy,E31,"(80, 21)",26,13.0
80,Greedy,E32,"(75, 43)",27,24.0
80,Greedy,E33,"(88, 65)",26,12.0
80,Greedy,E34,"(14, 61)",18,28.0
80,Greedy,E35,"(13, 5)",23,15.0
80,Greedy,E36,"(56, 55)",23,11.0
80,Greedy,E37,"(97, 53)",16,21.0
80,Greedy,E38,"(76, 97)",14,17.0
80,Greedy,E39,"(39, 75)",15,11.0
80,Greedy,E40,"(38, 65)",19,29.0
80,Greedy,E41,"(90, 55)",14,10.0
80,Greedy,E42,"(96, 18)",19,29.0
80,Greedy,E43,"(24, 9)",5,11.0
80,Greedy,E44,"(20, 97)",3,19.0
80,Auction,E15,"(65, 1)",57,27.0
80,Auction,E17,"(54, 63)",49,23.0
80,Auction,E18,"(4, 61)",50,24.0
80,Auction,E20,"(53, 51)",48,26.0
80,Auction,E23,"(69, 23)",37,26.0
80,Auction,E25,"(22, 62)",36,23.0
80,Auction,E26,"(6, 69)",34,19.0
80,Auction,E27,"(7, 66)",32,10.0
80,Auction,E29,"(9, 50)",30,17.0
80,Auction,E30,"(37, 84)",27,11.0
80,Auction,E31,"(80, 21)",26,13.0
80,Auction,E32,"(75, 43)",27,24.0
80,Auction,E33,"(88, 65)",26,12.0
80,Auction,E34,"(14, 61)",18,28.0
80,Auction,E35,"(13, 5)",23,15.0
80,Auction,E36,"(56, 55)",23,11.0
80,Auction,E37,"(97, 53)",16,21.0
80,Auction,E38,"(76, 97)",14,17.0
80,Auction,E39,"(39, 75)",15,11.0
80,Auction,E40,"(38, 65)",19,29.0
80,Auction,E41,"(90, 55)",14,10.0
80,Auction,E42,"(96, 18)",19,29.0
80,Auction,E43,"(24, 9)",5,11.0
80,Auction,E44,"(20, 97)",3,19.0
80,Q-Learning,E12,"(1, 47)",59,21.0
80,Q-Learning,E14,"(51, 62)",55,25.0
80,Q-Learning,E15,"(65, 1)",57,27.0
80,Q-Learning,E21,"(28, 67)",46,28.0
80,Q-Learning,E22,"(84, 82)",40,12.0
80,Q-Learning,E23,"(69, 23)",37,26.0
80,Q-Learning,E25,"(22, 62)",36,23.0
80,Q-Learning,E26,"(6, 69)",34,19.0
80,Q-Learning,E28,"(57, 40)",36,10.0
80,Q-Learning,E29,"(9, 50)",30,17.0
80,Q-Learning,E30,"(37, 84)",27,11.0
80,Q-Learning,E32,"(75, 43)",27,24.0
80,Q-Learning,E33,"(88, 65)",26,12.0
80,Q-Learning,E34,"(14, 61)",18,28.0
80,Q-Learning,E35,"(13, 5)",23,15.0
80,Q-Learning,E36,"(56, 55)",23,11.0
80,Q-Learning,E37,"(97, 53)",16,21.0
80,Q-Learning,E38,"(76, 97)",14,17.0
80,Q-Learning,E39,"(39, 75)",15,11.0
80,Q-Learning,E40,"(38, 65)",19,29.0
80,Q-Learning,E41,"(90, 55)",14,10.0
80,Q-Learning,E42,"(96, 18)",19,29.0
80,Q-Learning,E43,"(24, 9)",5,11.0
80,Q-Learning,E44,"(20, 97)",3,19.0
81,Greedy,E14,"(51, 62)",56,25.0
81,Greedy,E16,"(36, 44)",55,29.0
81,Greedy,E17,"(54, 63)",50,23.0
81,Greedy,E18,"(4, 61)",51,24.0
81,Greedy,E20,"(53, 51)",49,26.0
81,Greedy,E21,"(28, 67)",47,28.0
81,Greedy,E23,"(69, 23)",38,26.0
81,Greedy,E25,"(22, 62)",37,23.0
81,Greedy,E26,"(6, 69)",35,19.0
81,Greedy,E27,"(7, 66)",33,10.0
81,Greedy,E29,"(9, 50)",31,17.0
81,Greedy,E30,"(37, 84)",28,11.0
81,Greedy,E31,"(80, 21)",27,13.0
81,Greedy,E32,"(75, 43)",28,24.0
81,Greedy,E33,"(88, 65)",27,12.0
81,Greedy,E34,"(14, 61)",19,28.0
81,Greedy,E35,"(13, 5)",24,15.0
81,Greedy,E36,"(56, 55)",24,11.0
81,Greedy,E37,"(97, 53)",17,21.0
81,Greedy,E38,"(76, 97)",15,17.0
81,Greedy,E39,"(39, 75)",16,11.0
81,Greedy,E40,"(38, 65)",20,29.0
81,Greedy,E41,"(90, 55)",15,10.0
81,Greedy,E42,"(96, 18)",20,29.0
81,Greedy,E43,"(24, 9)",6,11.0
81,Greedy,E44,"(20, 97)",4,19.0
81,Auction,E15,"(65, 1)",58,27.0
81,Auction,E17,"(54, 63)",50,23.0
81,Auction,E18,"(4, 61)",51,24.0
81,Auction,E20,"(53, 51)",49,26.0
81,Auction,E23,"(69, 23)",38,26.0
81,Auction,E25,"(22, 62)",37,23.0
81,Auction,E26,"(6, 69)",35,19.0
81,Auction,E27,"(7, 66)",33,10.0
81,Auction,E29,"(9, 50)",31,17.0
81,Auction,E30,"(37, 84)",28,11.0
81,Auction,E31,"(80, 21)",27,13.0
81,Auction,E32,"(75, 43)",28,24.0
81,Auction,E33,"(88, 65)",27,12.0
81,Auction,E34,"(14, 61)",19,28.0
81,Auction,E35,"(13, 5)",24,15.0
81,Auction,E36,"(56, 55)",24,11.0
81,Auction,E37,"(97, 53)",17,21.0
81,Auction,E38,"(76, 97)",15,17.0
81,Auction,E39,"(39, 75)",16,11.0
81,Auction,E40,"(38, 65)",20,29.0
81,Auction,E41,"(90, 55)",15,10.0
81,Auction,E42,"(96, 18)",20,29.0
81,Auction,E43,"(24, 9)",6,11.0
81,Auction,E44,"(20, 97)",4,19.0
81,Q-Learning,E12,"(1, 47)",60,21.0
81,Q-Learning,E14,"(51, 62)",56,25.0
81,Q-Learning,E15,"(65, 1)",58,27.0
81,Q-Learning,E21,"(28, 67)",47,28.0
81,Q-Learning,E22,"(84, 82)",41,12.0
81,Q-Learning,E23,"(69, 23)",38,26.0
81,Q-Learning,E25,"(22, 62)",37,23.0
81,Q-Learning,E26,"(6, 69)",35,19.0
81,Q-Learning,E29,"(9, 50)",31,17.0
81,Q-Learning,E30,"(37, 84)",28,11.0
81,Q-Learning,E32,"(75, 43)",28,24.0
81,Q-Learning,E33,"(88, 65)",27,12.0
81,Q-Learning,E34,"(14, 61)",19,28.0
81,Q-Learning,E35,"(13, 5)",24,15.0
81,Q-Learning,E36,"(56, 55)",24,11.0
81,Q-Learning,E37,"(97, 53)",17,21.0
81,Q-Learning,E38,"(76, 97)",15,17.0
81,Q-Learning,E39,"(39, 75)",16,11.0
81,Q-Learning,E40,"(38, 65)",20,29.0
81,Q-Learning,E41,"(90, 55)",15,10.0
81,Q-Learning,E42,"(96, 18)",20,29.0
81,Q-Learning,E43,"(24, 9)",6,11.0
81,Q-Learning,E44,"(20, 97)",4,19.0
82,Greedy,E14,"(51, 62)",57,25.0
82,Greedy,E16,"(36, 44)",56,29.0
82,Greedy,E17,"(54, 63)",51,23.0
82,Greedy,E18,"(4, 61)",52,24.0
82,Greedy,E20,"(53, 51)",50,26.0
82,Greedy,E21,"(28, 67)",48,28.0
82,Greedy,E23,"(69, 23)",39,26.0
82,Greedy,E25,"(22, 62)",38,23.0
82,Greedy,E26,"(6, 69)",36,19.0
82,Greedy,E29,"(9, 50)",32,17.0
82,Greedy,E30,"(37, 84)",29,11.0
82,Greedy,E31,"(80, 21)",28,13.0
82,Greedy,E32,"(75, 43)",29,24.0
82,Greedy,E33,"(88, 65)",28,12.0
82,Greedy,E34,"(14, 61)",20,28.0
82,Greedy,E35,"(13, 5)",25,15.0
82,Greedy,E36,"(56, 55)",25,11.0
82,Greedy,E37,"(97, 53)",18,21.0
82,Greedy,E38,"(76, 97)",16,17.0
82,Greedy,E39,"(39, 75)",17,11.0
82,Greedy,E40,"(38, 65)",21,29.0
82,Greedy,E41,"(90, 55)",16,10.0
82,Greedy,E42,"(96, 18)",21,29.0
82,Greedy,E43,"(24, 9)",7,11.0
82,Greedy,E44,"(20, 97)",5,19.0
82,Greedy,E45,"(90, 87)",10,15.0
82,Auction,E15,"(65, 1)",59,27.0
82,Auction,E17,"(54, 63)",51,23.0
82,Auction,E18,"(4, 61)",52,24.0
82,Auction,E20,"(53, 51)",50,26.0
82,Auction,E23,"(69, 23)",39,26.0
82,Auction,E25,"(22, 62)",38,23.0
82,Auction,E26,"(6, 69)",36,19.0
82,Auction,E27,"(7, 66)",34,10.0
82,Auction,E29,"(9, 50)",32,17.0
82,Auction,E30,"(37, 84)",29,11.0
82,Auction,E31,"(80, 21)",28,13.0
82,Auction,E32,"(75, 43)",29,24.0
82,Auction,E33,"(88, 65)",28,12.0
82,Auction,E34,"(14, 61)",20,28.0
82,Auction,E35,"(13, 5)",25,15.0
82,Auction,E36,"(56, 55)",25,11.0
82,Auction,E37,"(97, 53)",18,21.0
82,Auction,E38,"(76, 97)",16,17.0
82,Auction,E39,"(39, 75)",17,11.0
82,Auction,E40,"(38, 65)",21,29.0
82,Auction,E41,"(90, 55)",16,10.0
82,Auction,E42,"(96, 18)",21,29.0
82,Auction,E43,"(24, 9)",7,11.0
82,Auction,E44,"(20, 97)",5,19.0
82,Auction,E45,"(90, 87)",10,15.0
82,Q-Learning,E12,"(1, 47)",61,21.0
82,Q-Learning,E14,"(51, 62)",57,25.0
82,Q-Learning,E15,"(65, 1)",59,27.0
82,Q-Learning,E21,"(28, 67)",48,28.0
82,Q-Learning,E22,"(84, 82)",42,12.0
82,Q-Learning,E23,"(69, 23)",39,26.0
82,Q-Learning,E25,"(22, 62)",38,23.0
82,Q-Learning,E26,"(6, 69)",36,19.0
82,Q-Learning,E29,"(9, 50)",32,17.0
82,Q-Learning,E30,"(37, 84)",29,11.0
82,Q-Learning,E32,"(75, 43)",29,24.0
82,Q-Learning,E33,"(88, 65)",28,12.0
82,Q-Learning,E34,"(14, 61)",20,28.0
82,Q-Learning,E35,"(13, 5)",25,15.0
82,Q-Learning,E36,"(56, 55)",25,11.0
82,Q-Learning,E37,"(97, 53)",18,21.0
82,Q-Learning,E38,"(76, 97)",16,17.0
82,Q-Learning,E39,"(39, 75)",17,11.0
82,Q-Learning,E40,"(38, 65)",21,29.0
82,Q-Learning,E41,"(90, 55)",16,10.0
82,Q-Learning,E42,"(96, 18)",21,29.0
82,Q-Learning,E43,"(24, 9)",7,11.0
82,Q-Learning,E44,"(20, 97)",5,19.0
82,Q-Learning,E45,"(90, 87)",10,15.0
83,Greedy,E14,"(51, 62)",58,25.0
83,Greedy,E16,"(36, 44)",57,29.0
83,Greedy,E17,"(54, 63)",52,23.0
83,Greedy,E18,"(4, 61)",53,24.0
83,Greedy,E20,"(53, 51)",51,26.0
83,Greedy,E21,"(28, 67)",49,28.0
83,Greedy,E23,"(69, 23)",40,26.0
83,Greedy,E25,"(22, 62)",39,23.0
83,Greedy,E26,"(6, 69)",37,19.0
83,Greedy,E29,"(9, 50)",33,17.0
83,Greedy,E30,"(37, 84)",30,11.0
83,Greedy,E31,"(80, 21)",29,13.0
83,Greedy,E32,"(75, 43)",30,24.0
83,Greedy,E33,"(88, 65)",29,12.0
83,Greedy,E34,"(14, 61)",21,28.0
83,Greedy,E35,"(13, 5)",26,15.0
83,Greedy,E36,"(56, 55)",26,11.0
83,Greedy,E37,"(97, 53)",19,21.0
83,Greedy,E38,"(76, 97)",17,17.0
83,Greedy,E39,"(39, 75)",18,11.0
83,Greedy,E40,"(38, 65)",22,29.0
83,Greedy,E41,"(90, 55)",17,10.0
83,Greedy,E42,"(96, 18)",22,29.0
83,Greedy,E43,"(24, 9)",8,11.0
83,Greedy,E44,"(20, 97)",6,19.0
83,Greedy,E45,"(90, 87)",11,15.0
83,Auction,E15,"(65, 1)",60,27.0
83,Auction,E17,"(54, 63)",52,23.0
83,Auction,E18,"(4, 61)",53,24.0
83,Auction,E20,"(53, 51)",51,26.0
83,Auction,E23,"(69, 23)",40,26.0
83,Auction,E25,"(22, 62)",39,23.0
83,Auction,E26,"(6, 69)",37,19.0
83,Auction,E27,"(7, 66)",35,10.0
83,Auction,E30,"(37, 84)",30,11.0
83,Auction,E31,"(80, 21)",29,13.0
83,Auction,E32,"(75, 43)",30,24.0
83,Auction,E33,"(88, 65)",29,12.0
83,Auction,E34,"(14, 61)",21,28.0
83,Auction,E35,"(13, 5)",26,15.0
83,Auction,E36,"(56, 55)",26,11.0
83,Auction,E37,"(97, 53)",19,21.0
83,Auction,E38,"(76, 97)",17,17.0
83,Auction,E39,"(39, 75)",18,11.0
83,Auction,E40,"(38, 65)",22,29.0
83,Auction,E41,"(90, 55)",17,10.0
83,Auction,E42,"(96, 18)",22,29.0
83,Auction,E43,"(24, 9)",8,11.0
83,Auction,E44,"(20, 97)",6,19.0
83,Auction,E45,"(90, 87)",11,15.0
83,Q-Learning,E12,"(1, 47)",62,21.0
83,Q-Learning,E14,"(51, 62)",58,25.0
83,Q-Learning,E15,"(65, 1)",60,27.0
83,Q-Learning,E21,"(28, 67)",49,28.0
83,Q-Learning,E22,"(84, 82)",43,12.0
83,Q-Learning,E23,"(69, 23)",40,26.0
83,Q-Learning,E25,"(22, 62)",39,23.0
83,Q-Learning,E26,"(6, 69)",37,19.0
83,Q-Learning,E29,"(9, 50)",33,17.0
83,Q-Learning,E30,"(37, 84)",30,11.0
83,Q-Learning,E32,"(75, 43)",30,24.0
83,Q-Learning,E33,"(88, 65)",29,12.0
83,Q-Learning,E34,"(14, 61)",21,28.0
83,Q-Learning,E35,"(13, 5)",26,15.0
83,Q-Learning,E36,"(56, 55)",26,11.0
83,Q-Learning,E37,"(97, 53)",19,21.0
83,Q-Learning,E38,"(76, 97)",17,17.0
83,Q-Learning,E39,"(39, 75)",18,11.0
83,Q-Learning,E40,"(38, 65)",22,29.0
83,Q-Learning,E41,"(90, 55)",17,10.0
83,Q-Learning,E42,"(96, 18)",22,29.0
83,Q-Learning,E43,"(24, 9)",8,11.0
83,Q-Learning,E44,"(20, 97)",6,19.0
83,Q-Learning,E45,"(90, 87)",11,15.0
84,Greedy,E14,"(51, 62)",59,25.0
84,Greedy,E16,"(36, 44)",58,29.0
84,Greedy,E17,"(54, 63)",53,23.0
84,Greedy,E18,"(4, 61)",54,24.0
84,Greedy,E20,"(53, 51)",52,26.0
84,Greedy,E21,"(28, 67)",50,28.0
84,Greedy,E23,"(69, 23)",41,26.0
84,Greedy,E25,"(22, 62)",40,23.0
84,Greedy,E26,"(6, 69)",38,19.0
84,Greedy,E29,"(9, 50)",34,17.0
84,Greedy,E30,"(37, 84)",31,11.0
84,Greedy,E31,"(80, 21)",30,13.0
84,Greedy,E32,"(75, 43)",31,24.0
84,Greedy,E33,"(88, 65)",30,12.0
84,Greedy,E34,"(14, 61)",22,28.0
84,Greedy,E35,"(13, 5)",27,15.0
84,Greedy,E36,"(56, 55)",27,11.0
84,Greedy,E37,"(97, 53)",20,21.0
84,Greedy,E38,"(76, 97)",18,17.0
84,Greedy,E39,"(39, 75)",19,11.0
84,Greedy,E40,"(38, 65)",23,29.0
84,Greedy,E41,"(90, 55)",18,10.0
84,Greedy,E42,"(96, 18)",23,29.0
84,Greedy,E43,"(24, 9)",9,11.0
84,Greedy,E44,"(20, 97)",7,19.0
84,Greedy,E45,"(90, 87)",12,15.0
84,Auction,E15,"(65, 1)",61,27.0
84,Auction,E17,"(54, 63)",53,23.0
84,Auction,E18,"(4, 61)",54,24.0
84,Auction,E20,"(53, 51)",52,26.0
84,Auction,E23,"(69, 23)",41,26.0
84,Auction,E25,"(22, 62)",40,23.0
84,Auction,E26,"(6, 69)",38,19.0
84,Auction,E27,"(7, 66)",36,10.0
84,Auction,E30,"(37, 84)",31,11.0
84,Auction,E31,"(80, 21)",30,13.0
84,Auction,E32,"(75, 43)",31,24.0
84,Auction,E33,"(88, 65)",30,12.0
84,Auction,E34,"(14, 61)",22,28.0
84,Auction,E35,"(13, 5)",27,15.0
84,Auction,E36,"(56, 55)",27,11.0
84,Auction,E37,"(97, 53)",20,21.0
84,Auction,E38,"(76, 97)",18,17.0
84,Auction,E39,"(39, 75)",19,11.0
84,Auction,E40,"(38, 65)",23,29.0
84,Auction,E41,"(90, 55)",18,10.0
84,Auction,E42,"(96, 18)",23,29.0
84,Auction,E43,"(24, 9)",9,11.0
84,Auction,E44,"(20, 97)",7,19.0
84,Auction,E45,"(90, 87)",12,15.0
84,Q-Learning,E12,"(1, 47)",63,21.0
84,Q-Learning,E14,"(51, 62)",59,25.0
84,Q-Learning,E15,"(65, 1)",61,27.0
84,Q-Learning,E21,"(28, 67)",50,28.0
84,Q-Learning,E22,"(84, 82)",44,12.0
84,Q-Learning,E23,"(69, 23)",41,26.0
84,Q-Learning,E25,"(22, 62)",40,23.0
84,Q-Learning,E26,"(6, 69)",38,19.0
84,Q-Learning,E29,"(9, 50)",34,17.0
84,Q-Learning,E30,"(37, 84)",31,11.0
84,Q-Learning,E32,"(75, 43)",31,24.0
84,Q-Learning,E33,"(88, 65)",30,12.0
84,Q-Learning,E34,"(14, 61)",22,28.0
84,Q-Learning,E35,"(13, 5)",27,15.0
84,Q-Learning,E36,"(56, 55)",27,11.0
84,Q-Learning,E37,"(97, 53)",20,21.0
84,Q-Learning,E38,"(76, 97)",18,17.0
84,Q-Learning,E39,"(39, 75)",19,11.0
84,Q-Learning,E40,"(38, 65)",23,29.0
84,Q-Learning,E41,"(90, 55)",18,10.0
84,Q-Learning,E42,"(96, 18)",23,29.0
84,Q-Learning,E43,"(24, 9)",9,11.0
84,Q-Learning,E44,"(20, 97)",7,19.0
84,Q-Learning,E45,"(90, 87)",12,15.0
85,Greedy,E14,"(51, 62)",60,25.0
85,Greedy,E16,"(36, 44)",59,29.0
85,Greedy,E17,"(54, 63)",54,23.0
85,Greedy,E18,"(4, 61)",55,24.0
85,Greedy,E20,"(53, 51)",53,26.0
85,Greedy,E21,"(28, 67)",51,28.0
85,Greedy,E23,"(69, 23)",42,26.0
85,Greedy,E25,"(22, 62)",41,23.0
85,Greedy,E26,"(6, 69)",39,19.0
85,Greedy,E29,"(9, 50)",35,17.0
85,Greedy,E30,"(37, 84)",32,11.0
85,Greedy,E31,"(80, 21)",31,13.0
85,Greedy,E32,"(75, 43)",32,24.0
85,Greedy,E33,"(88, 65)",31,12.0
85,Greedy,E34,"(14, 61)",23,28.0
85,Greedy,E35,"(13, 5)",28,15.0
85,Greedy,E36,"(56, 55)",28,11.0
85,Greedy,E37,"(97, 53)",21,21.0
85,Greedy,E38,"(76, 97)",19,17.0
85,Greedy,E39,"(39, 75)",20,11.0
85,Greedy,E40,"(38, 65)",24,29.0
85,Greedy,E41,"(90, 55)",19,10.0
85,Greedy,E42,"(96, 18)",24,29.0
85,Greedy,E43,"(24, 9)",10,11.0
85,Greedy,E44,"(20, 97)",8,19.0
85,Greedy,E45,"(90, 87)",13,15.0
85,Auction,E15,"(65, 1)",62,27.0
85,Auction,E17,"(54, 63)",54,23.0
85,Auction,E18,"(4, 61)",55,24.0
85,Auction,E20,"(53, 51)",53,26.0
85,Auction,E23,"(69, 23)",42,26.0
85,Auction,E25,"(22, 62)",41,23.0
85,Auction,E26,"(6, 69)",39,19.0
85,Auction,E27,"(7, 66)",37,10.0
85,Auction,E30,"(37, 84)",32,11.0
85,Auction,E31,"(80, 21)",31,13.0
85,Auction,E32,"(75, 43)",32,24.0
85,Auction,E33,"(88, 65)",31,12.0
85,Auction,E34,"(14, 61)",23,28.0
85,Auction,E35,"(13, 5)",28,15.0
85,Auction,E36,"(56, 55)",28,11.0
85,Auction,E37,"(97, 53)",21,21.0
85,Auction,E38,"(76, 97)",19,17.0
85,Auction,E39,"(39, 75)",20,11.0
85,Auction,E40,"(38, 65)",24,29.0
85,Auction,E41,"(90, 55)",19,10.0
85,Auction,E42,"(96, 18)",24,29.0
85,Auction,E43,"(24, 9)",10,11.0
85,Auction,E44,"(20, 97)",8,19.0
85,Auction,E45,"(90, 87)",13,15.0
85,Q-Learning,E12,"(1, 47)",64,21.0
85,Q-Learning,E14,"(51, 62)",60,25.0
85,Q-Learning,E15,"(65, 1)",62,27.0
85,Q-Learning,E21,"(28, 67)",51,28.0
85,Q-Learning,E22,"(84, 82)",45,12.0
85,Q-Learning,E23,"(69, 23)",42,26.0
85,Q-Learning,E25,"(22, 62)",41,23.0
85,Q-Learning,E26,"(6, 69)",39,19.0
85,Q-Learning,E29,"(9, 50)",35,17.0
85,Q-Learning,E30,"(37, 84)",32,11.0
85,Q-Learning,E32,"(75, 43)",32,24.0
85,Q-Learning,E33,"(88, 65)",31,12.0
85,Q-Learning,E34,"(14, 61)",23,28.0
85,Q-Learning,E35,"(13, 5)",28,15.0
85,Q-Learning,E36,"(56, 55)",28,11.0
85,Q-Learning,E37,"(97, 53)",21,21.0
85,Q-Learning,E38,"(76, 97)",19,17.0
85,Q-Learning,E39,"(39, 75)",20,11.0
85,Q-Learning,E40,"(38, 65)",24,29.0
85,Q-Learning,E42,"(96, 18)",24,29.0
85,Q-Learning,E43,"(24, 9)",10,11.0
85,Q-Learning,E44,"(20, 97)",8,19.0
85,Q-Learning,E45,"(90, 87)",13,15.0
86,Greedy,E14,"(51, 62)",61,25.0
86,Greedy,E16,"(36, 44)",60,29.0
86,Greedy,E17,"(54, 63)",55,23.0
86,Greedy,E18,"(4, 61)",56,24.0
86,Greedy,E20,"(53, 51)",54,26.0
86,Greedy,E21,"(28, 67)",52,28.0
86,Greedy,E23,"(69, 23)",43,26.0
86,Greedy,E25,"(22, 62)",42,23.0
86,Greedy,E26,"(6, 69)",40,19.0
86,Greedy,E29,"(9, 50)",36,17.0
86,Greedy,E30,"(37, 84)",33,11.0
86,Greedy,E31,"(80, 21)",32,13.0
86,Greedy,E32,"(75, 43)",33,24.0
86,Greedy,E33,"(88, 65)",32,12.0
86,Greedy,E34,"(14, 61)",24,28.0
86,Greedy,E35,"(13, 5)",29,15.0
86,Greedy,E36,"(56, 55)",29,11.0
86,Greedy,E37,"(97, 53)",22,21.0
86,Greedy,E38,"(76, 97)",20,17.0
86,Greedy,E39,"(39, 75)",21,11.0
86,Greedy,E40,"(38, 65)",25,29.0
86,Greedy,E41,"(90, 55)",20,10.0
86,Greedy,E42,"(96, 18)",25,29.0
86,Greedy,E43,"(24, 9)",11,11.0
86,Greedy,E44,"(20, 97)",9,19.0
86,Greedy,E45,"(90, 87)",14,15.0
86,Greedy,E46,"(98, 91)",10,14.0
86,Auction,E15,"(65, 1)",63,27.0
86,Auction,E17,"(54, 63)",55,23.0
86,Auction,E18,"(4, 61)",56,24.0
86,Auction,E20,"(53, 51)",54,26.0
86,Auction,E23,"(69, 23)",43,26.0
86,Auction,E25,"(22, 62)",42,23.0
86,Auction,E26,"(6, 69)",40,19.0
86,Auction,E27,"(7, 66)",38,10.0
86,Auction,E30,"(37, 84)",33,11.0
86,Auction,E31,"(80, 21)",32,13.0
86,Auction,E32,"(75, 43)",33,24.0
86,Auction,E33,"(88, 65)",32,12.0
86,Auction,E34,"(14, 61)",24,28.0
86,Auction,E35,"(13, 5)",29,15.0
86,Auction,E36,"(56, 55)",29,11.0
86,Auction,E37,"(97, 53)",22,21.0
86,Auction,E38,"(76, 97)",20,17.0
86,Auction,E39,"(39, 75)",21,11.0
86,Auction,E40,"(38, 65)",25,29.0
86,Auction,E41,"(90, 55)",20,10.0
86,Auction,E42,"(96, 18)",25,29.0
86,Auction,E43,"(24, 9)",11,11.0
86,Auction,E44,"(20, 97)",9,19.0
86,Auction,E45,"(90, 87)",14,15.0
86,Auction,E46,"(98, 91)",10,14.0
86,Q-Learning,E12,"(1, 47)",65,21.0
86,Q-Learning,E14,"(51, 62)",61,25.0
86,Q-Learning,E15,"(65, 1)",63,27.0
86,Q-Learning,E21,"(28, 67)",52,28.0
86,Q-Learning,E22,"(84, 82)",46,12.0
86,Q-Learning,E23,"(69, 23)",43,26.0
86,Q-Learning,E25,"(22, 62)",42,23.0
86,Q-Learning,E26,"(6, 69)",40,19.0
86,Q-Learning,E29,"(9, 50)",36,17.0
86,Q-Learning,E30,"(37, 84)",33,11.0
86,Q-Learning,E32,"(75, 43)",33,24.0
86,Q-Learning,E33,"(88, 65)",32,12.0
86,Q-Learning,E34,"(14, 61)",24,28.0
86,Q-Learning,E35,"(13, 5)",29,15.0
86,Q-Learning,E36,"(56, 55)",29,11.0
86,Q-Learning,E37,"(97, 53)",22,21.0
86,Q-Learning,E38,"(76, 97)",20,17.0
86,Q-Learning,E39,"(39, 75)",21,11.0
86,Q-Learning,E40,"(38, 65)",25,29.0
86,Q-Learning,E42,"(96, 18)",25,29.0
86,Q-Learning,E43,"(24, 9)",11,11.0
86,Q-Learning,E44,"(20, 97)",9,19.0
86,Q-Learning,E45,"(90, 87)",14,15.0
86,Q-Learning,E46,"(98, 91)",10,14.0
87,Greedy,E14,"(51, 62)",62,25.0
87,Greedy,E16,"(36, 44)",61,29.0
87,Greedy,E17,"(54, 63)",56,23.0
87,Greedy,E18,"(4, 61)",57,24.0
87,Greedy,E20,"(53, 51)",55,26.0
87,Greedy,E21,"(28, 67)",53,28.0
87,Greedy,E23,"(69, 23)",44,26.0
87,Greedy,E25,"(22, 62)",43,23.0
87,Greedy,E26,"(6, 69)",41,19.0
87,Greedy,E29,"(9, 50)",37,17.0
87,Greedy,E30,"(37, 84)",34,11.0
87,Greedy,E31,"(80, 21)",33,13.0
87,Greedy,E32,"(75, 43)",34,24.0
87,Greedy,E33,"(88, 65)",33,12.0
87,Greedy,E34,"(14, 61)",25,28.0
87,Greedy,E35,"(13, 5)",30,15.0
87,Greedy,E36,"(56, 55)",30,11.0
87,Greedy,E37,"(97, 53)",23,21.0
87,Greedy,E38,"(76, 97)",21,17.0
87,Greedy,E39,"(39, 75)",22,11.0
87,Greedy,E40,"(38, 65)",26,29.0
87,Greedy,E41,"(90, 55)",21,10.0
87,Greedy,E42,"(96, 18)",26,29.0
87,Greedy,E43,"(24, 9)",12,11.0
87,Greedy,E44,"(20, 97)",10,19.0
87,Greedy,E45,"(90, 87)",15,15.0
87,Greedy,E46,"(98, 91)",11,14.0
87,Greedy,E47,"(70, 15)",1,28.0
87,Auction,E15,"(65, 1)",64,27.0
87,Auction,E17,"(54, 63)",56,23.0
87,Auction,E18,"(4, 61)",57,24.0
87,Auction,E20,"(53, 51)",55,26.0
87,Auction,E23,"(69, 23)",44,26.0
87,Auction,E25,"(22, 62)",43,23.0
87,Auction,E26,"(6, 69)",41,19.0
87,Auction,E27,"(7, 66)",39,10.0
87,Auction,E30,"(37, 84)",34,11.0
87,Auction,E31,"(80, 21)",33,13.0
87,Auction,E32,"(75, 43)",34,24.0
87,Auction,E33,"(88, 65)",33,12.0
87,Auction,E34,"(14, 61)",25,28.0
87,Auction,E35,"(13, 5)",30,15.0
87,Auction,E36,"(56, 55)",30,11.0
87,Auction,E37,"(97, 53)",23,21.0
87,Auction,E38,"(76, 97)",21,17.0
87,Auction,E39,"(39, 75)",22,11.0
87,Auction,E40,"(38, 65)",26,29.0
87,Auction,E41,"(90, 55)",21,10.0
87,Auction,E42,"(96, 18)",26,29.0
87,Auction,E43,"(24, 9)",12,11.0
87,Auction,E44,"(20, 97)",10,19.0
87,Auction,E45,"(90, 87)",15,15.0
87,Auction,E46,"(98, 91)",11,14.0
87,Auction,E47,"(70, 15)",1,28.0
87,Q-Learning,E12,"(1, 47)",66,21.0
87,Q-Learning,E14,"(51, 62)",62,25.0
87,Q-Learning,E15,"(65, 1)",64,27.0
87,Q-Learning,E21,"(28, 67)",53,28.0
87,Q-Learning,E22,"(84, 82)",47,12.0
87,Q-Learning,E23,"(69, 23)",44,26.0
87,Q-Learning,E25,"(22, 62)",43,23.0
87,Q-Learning,E26,"(6, 69)",41,19.0
87,Q-Learning,E29,"(9, 50)",37,17.0
87,Q-Learning,E30,"(37, 84)",34,11.0
87,Q-Learning,E32,"(75, 43)",34,24.0
87,Q-Learning,E33,"(88, 65)",33,12.0
87,Q-Learning,E34,"(14, 61)",25,28.0
87,Q-Learning,E35,"(13, 5)",30,15.0
87,Q-Learning,E36,"(56, 55)",30,11.0
87,Q-Learning,E37,"(97, 53)",23,21.0
87,Q-Learning,E38,"(76, 97)",21,17.0
87,Q-Learning,E39,"(39, 75)",22,11.0
87,Q-Learning,E40,"(38, 65)",26,29.0
87,Q-Learning,E42,"(96, 18)",26,29.0
87,Q-Learning,E43,"(24, 9)",12,11.0
87,Q-Learning,E44,"(20, 97)",10,19.0
87,Q-Learning,E45,"(90, 87)",15,15.0
87,Q-Learning,E46,"(98, 91)",11,14.0
87,Q-Learning,E47,"(70, 15)",1,28.0
88,Greedy,E14,"(51, 62)",63,25.0
88,Greedy,E16,"(36, 44)",62,29.0
88,Greedy,E17,"(54, 63)",57,23.0
88,Greedy,E18,"(4, 61)",58,24.0
88,Greedy,E20,"(53, 51)",56,26.0
88,Greedy,E21,"(28, 67)",54,28.0
88,Greedy,E23,"(69, 23)",45,26.0
88,Greedy,E25,"(22, 62)",44,23.0
88,Greedy,E26,"(6, 69)",42,19.0
88,Greedy,E29,"(9, 50)",38,17.0
88,Greedy,E30,"(37, 84)",35,11.0
88,Greedy,E31,"(80, 21)",34,13.0
88,Greedy,E32,"(75, 43)",35,24.0
88,Greedy,E33,"(88, 65)",34,12.0
88,Greedy,E34,"(14, 61)",26,28.0
88,Greedy,E35,"(13, 5)",31,15.0
88,Greedy,E36,"(56, 55)",31,11.0
88,Greedy,E37,"(97, 53)",24,21.0
88,Greedy,E38,"(76, 97)",22,17.0
88,Greedy,E39,"(39, 75)",23,11.0
88,Greedy,E40,"(38, 65)",27,29.0
88,Greedy,E41,"(90, 55)",22,10.0
88,Greedy,E42,"(96, 18)",27,29.0
88,Greedy,E43,"(24, 9)",13,11.0
88,Greedy,E44,"(20, 97)",11,19.0
88,Greedy,E45,"(90, 87)",16,15.0
88,Greedy,E46,"(98, 91)",12,14.0
88,Greedy,E47,"(70, 15)",2,28.0
88,Greedy,E48,"(40, 30)",1,18.0
88,Auction,E15,"(65, 1)",65,27.0
88,Auction,E17,"(54, 63)",57,23.0
88,Auction,E18,"(4, 61)",58,24.0
88,Auction,E20,"(53, 51)",56,26.0
88,Auction,E23,"(69, 23)",45,26.0
88,Auction,E25,"(22, 62)",44,23.0
88,Auction,E26,"(6, 69)",42,19.0
88,Auction,E27,"(7, 66)",40,10.0
88,Auction,E30,"(37, 84)",35,11.0
88,Auction,E31,"(80, 21)",34,13.0
88,Auction,E32,"(75, 43)",35,24.0
88,Auction,E33,"(88, 65)",34,12.0
88,Auction,E34,"(14, 61)",26,28.0
88,Auction,E35,"(13, 5)",31,15.0
88,Auction,E36,"(56, 55)",31,11.0
88,Auction,E37,"(97, 53)",24,21.0
88,Auction,E38,"(76, 97)",22,17.0
88,Auction,E39,"(39, 75)",23,11.0
88,Auction,E40,"(38, 65)",27,29.0
88,Auction,E41,"(90, 55)",22,10.0
88,Auction,E42,"(96, 18)",27,29.0
88,Auction,E43,"(24, 9)",13,11.0
88,Auction,E44,"(20, 97)",11,19.0
88,Auction,E45,"(90, 87)",16,15.0
88,Auction,E46,"(98, 91)",12,14.0
88,Auction,E47,"(70, 15)",2,28.0
88,Auction,E48,"(40, 30)",1,18.0
88,Q-Learning,E12,"(1, 47)",67,21.0
88,Q-Learning,E14,"(51, 62)",63,25.0
88,Q-Learning,E15,"(65, 1)",65,27.0
88,Q-Learning,E21,"(28, 67)",54,28.0
88,Q-Learning,E22,"(84, 82)",48,12.0
88,Q-Learning,E23,"(69, 23)",45,26.0
88,Q-Learning,E25,"(22, 62)",44,23.0
88,Q-Learning,E26,"(6, 69)",42,19.0
88,Q-Learning,E29,"(9, 50)",38,17.0
88,Q-Learning,E30,"(37, 84)",35,11.0
88,Q-Learning,E32,"(75, 43)",35,24.0
88,Q-Learning,E33,"(88, 65)",34,12.0
88,Q-Learning,E34,"(14, 61)",26,28.0
88,Q-Learning,E35,"(13, 5)",31,15.0
88,Q-Learning,E36,"(56, 55)",31,11.0
88,Q-Learning,E37,"(97, 53)",24,21.0
88,Q-Learning,E38,"(76, 97)",22,17.0
88,Q-Learning,E39,"(39, 75)",23,11.0
88,Q-Learning,E40,"(38, 65)",27,29.0
88,Q-Learning,E42,"(96, 18)",27,29.0
88,Q-Learning,E43,"(24, 9)",13,11.0
88,Q-Learning,E44,"(20, 97)",11,19.0
88,Q-Learning,E45,"(90, 87)",16,15.0
88,Q-Learning,E46,"(98, 91)",12,14.0
88,Q-Learning,E47,"(70, 15)",2,28.0
88,Q-Learning,E48,"(40, 30)",1,18.0
89,Greedy,E14,"(51, 62)",64,25.0
89,Greedy,E16,"(36, 44)",63,29.0
89,Greedy,E17,"(54, 63)",58,23.0
89,Greedy,E18,"(4, 61)",59,24.0
89,Greedy,E20,"(53, 51)",57,26.0
89,Greedy,E21,"(28, 67)",55,28.0
89,Greedy,E23,"(69, 23)",46,26.0
89,Greedy,E25,"(22, 62)",45,23.0
89,Greedy,E26,"(6, 69)",43,19.0
89,Greedy,E29,"(9, 50)",39,17.0
89,Greedy,E30,"(37, 84)",36,11.0
89,Greedy,E31,"(80, 21)",35,13.0
89,Greedy,E32,"(75, 43)",36,24.0
89,Greedy,E33,"(88, 65)",35,12.0
89,Greedy,E34,"(14, 61)",27,28.0
89,Greedy,E35,"(13, 5)",32,15.0
89,Greedy,E36,"(56, 55)",32,11.0
89,Greedy,E37,"(97, 53)",25,21.0
89,Greedy,E38,"(76, 97)",23,17.0
89,Greedy,E39,"(39, 75)",24,11.0
89,Greedy,E40,"(38, 65)",28,29.0
89,Greedy,E41,"(90, 55)",23,10.0
89,Greedy,E42,"(96, 18)",28,29.0
89,Greedy,E43,"(24, 9)",14,11.0
89,Greedy,E44,"(20, 97)",12,19.0
89,Greedy,E45,"(90, 87)",17,15.0
89,Greedy,E46,"(98, 91)",13,14.0
89,Greedy,E47,"(70, 15)",3,28.0
89,Greedy,E48,"(40, 30)",2,18.0
89,Greedy,E49,"(96, 83)",1,28.0
89,Auction,E15,"(65, 1)",66,27.0
89,Auction,E17,"(54, 63)",58,23.0
89,Auction,E18,"(4, 61)",59,24.0
89,Auction,E20,"(53, 51)",57,26.0
89,Auction,E23,"(69, 23)",46,26.0
89,Auction,E25,"(22, 62)",45,23.0
89,Auction,E26,"(6, 69)",43,19.0
89,Auction,E27,"(7, 66)",41,10.0
89,Auction,E30,"(37, 84)",36,11.0
89,Auction,E31,"(80, 21)",35,13.0
89,Auction,E32,"(75, 43)",36,24.0
89,Auction,E33,"(88, 65)",35,12.0
89,Auction,E34,"(14, 61)",27,28.0
89,Auction,E35,"(13, 5)",32,15.0
89,Auction,E36,"(56, 55)",32,11.0
89,Auction,E37,"(97, 53)",25,21.0
89,Auction,E38,"(76, 97)",23,17.0
89,Auction,E39,"(39, 75)",24,11.0
89,Auction,E40,"(38, 65)",28,29.0
89,Auction,E41,"(90, 55)",23,10.0
89,Auction,E42,"(96, 18)",28,29.0
89,Auction,E43,"(24, 9)",14,11.0
89,Auction,E44,"(20, 97)",12,19.0
89,Auction,E45,"(90, 87)",17,15.0
89,Auction,E46,"(98, 91)",13,14.0
89,Auction,E47,"(70, 15)",3,28.0
89,Auction,E48,"(40, 30)",2,18.0
89,Auction,E49,"(96, 83)",1,28.0
89,Q-Learning,E12,"(1, 47)",68,21.0
89,Q-Learning,E14,"(51, 62)",64,25.0
89,Q-Learning,E15,"(65, 1)",66,27.0
89,Q-Learning,E21,"(28, 67)",55,28.0
89,Q-Learning,E22,"(84, 82)",49,12.0
89,Q-Learning,E23,"(69, 23)",46,26.0
89,Q-Learning,E25,"(22, 62)",45,23.0
89,Q-Learning,E26,"(6, 69)",43,19.0
89,Q-Learning,E29,"(9, 50)",39,17.0
89,Q-Learning,E30,"(37, 84)",36,11.0
89,Q-Learning,E32,"(75, 43)",36,24.0
89,Q-Learning,E33,"(88, 65)",35,12.0
89,Q-Learning,E34,"(14, 61)",27,28.0
89,Q-Learning,E35,"(13, 5)",32,15.0
89,Q-Learning,E36,"(56, 55)",32,11.0
89,Q-Learning,E37,"(97, 53)",25,21.0
89,Q-Learning,E38,"(76, 97)",23,17.0
89,Q-Learning,E39,"(39, 75)",24,11.0
89,Q-Learning,E40,"(38, 65)",28,29.0
89,Q-Learning,E42,"(96, 18)",28,29.0
89,Q-Learning,E43,"(24, 9)",14,11.0
89,Q-Learning,E44,"(20, 97)",12,19.0
89,Q-Learning,E45,"(90, 87)",17,15.0
89,Q-Learning,E46,"(98, 91)",13,14.0
89,Q-Learning,E47,"(70, 15)",3,28.0
89,Q-Learning,E48,"(40, 30)",2,18.0
89,Q-Learning,E49,"(96, 83)",1,28.0
90,Greedy,E14,"(51, 62)",65,25.0
90,Greedy,E16,"(36, 44)",64,29.0
90,Greedy,E17,"(54, 63)",59,23.0
90,Greedy,E18,"(4, 61)",60,24.0
90,Greedy,E20,"(53, 51)",58,26.0
90,Greedy,E21,"(28, 67)",56,28.0
90,Greedy,E23,"(69, 23)",47,26.0
90,Greedy,E25,"(22, 62)",46,23.0
90,Greedy,E26,"(6, 69)",44,19.0
90,Greedy,E29,"(9, 50)",40,17.0
90,Greedy,E30,"(37, 84)",37,11.0
90,Greedy,E31,"(80, 21)",36,13.0
90,Greedy,E32,"(75, 43)",37,24.0
90,Greedy,E33,"(88, 65)",36,12.0
90,Greedy,E34,"(14, 61)",28,28.0
90,Greedy,E35,"(13, 5)",33,15.0
90,Greedy,E36,"(56, 55)",33,11.0
90,Greedy,E37,"(97, 53)",26,21.0
90,Greedy,E38,"(76, 97)",24,17.0
90,Greedy,E39,"(39, 75)",25,11.0
90,Greedy,E40,"(38, 65)",29,29.0
90,Greedy,E41,"(90, 55)",24,10.0
90,Greedy,E42,"(96, 18)",29,29.0
90,Greedy,E43,"(24, 9)",15,11.0
90,Greedy,E44,"(20, 97)",13,19.0
90,Greedy,E45,"(90, 87)",18,15.0
90,Greedy,E46,"(98, 91)",14,14.0
90,Greedy,E47,"(70, 15)",4,28.0
90,Greedy,E48,"(40, 30)",3,18.0
90,Greedy,E49,"(96, 83)",2,28.0
90,Auction,E15,"(65, 1)",67,27.0
90,Auction,E17,"(54, 63)",59,23.0
90,Auction,E18,"(4, 61)",60,24.0
90,Auction,E20,"(53, 51)",58,26.0
90,Auction,E23,"(69, 23)",47,26.0
90,Auction,E25,"(22, 62)",46,23.0
90,Auction,E26,"(6, 69)",44,19.0
90,Auction,E27,"(7, 66)",42,10.0
90,Auction,E30,"(37, 84)",37,11.0
90,Auction,E31,"(80, 21)",36,13.0
90,Auction,E32,"(75, 43)",37,24.0
90,Auction,E33,"(88, 65)",36,12.0
90,Auction,E34,"(14, 61)",28,28.0
90,Auction,E35,"(13, 5)",33,15.0
90,Auction,E36,"(56, 55)",33,11.0
90,Auction,E37,"(97, 53)",26,21.0
90,Auction,E38,"(76, 97)",24,17.0
90,Auction,E39,"(39, 75)",25,11.0
90,Auction,E40,"(38, 65)",29,29.0
90,Auction,E41,"(90, 55)",24,10.0
90,Auction,E42,"(96, 18)",29,29.0
90,Auction,E43,"(24, 9)",15,11.0
90,Auction,E44,"(20, 97)",13,19.0
90,Auction,E45,"(90, 87)",18,15.0
90,Auction,E46,"(98, 91)",14,14.0
90,Auction,E47,"(70, 15)",4,28.0
90,Auction,E48,"(40, 30)",3,18.0
90,Auction,E49,"(96, 83)",2,28.0
90,Q-Learning,E12,"(1, 47)",69,21.0
90,Q-Learning,E14,"(51, 62)",65,25.0
90,Q-Learning,E15,"(65, 1)",67,27.0
90,Q-Learning,E21,"(28, 67)",56,28.0
90,Q-Learning,E22,"(84, 82)",50,12.0
90,Q-Learning,E23,"(69, 23)",47,26.0
90,Q-Learning,E25,"(22, 62)",46,23.0
90,Q-Learning,E26,"(6, 69)",44,19.0
90,Q-Learning,E29,"(9, 50)",40,17.0
90,Q-Learning,E30,"(37, 84)",37,11.0
90,Q-Learning,E32,"(75, 43)",37,24.0
90,Q-Learning,E33,"(88, 65)",36,12.0
90,Q-Learning,E34,"(14, 61)",28,28.0
90,Q-Learning,E35,"(13, 5)",33,15.0
90,Q-Learning,E36,"(56, 55)",33,11.0
90,Q-Learning,E37,"(97, 53)",26,21.0
90,Q-Learning,E38,"(76, 97)",24,17.0
90,Q-Learning,E39,"(39, 75)",25,11.0
90,Q-Learning,E40,"(38, 65)",29,29.0
90,Q-Learning,E42,"(96, 18)",29,29.0
90,Q-Learning,E43,"(24, 9)",15,11.0
90,Q-Learning,E44,"(20, 97)",13,19.0
90,Q-Learning,E45,"(90, 87)",18,15.0
90,Q-Learning,E46,"(98, 91)",14,14.0
90,Q-Learning,E47,"(70, 15)",4,28.0
90,Q-Learning,E48,"(40, 30)",3,18.0
90,Q-Learning,E49,"(96, 83)",2,28.0
91,Greedy,E14,"(51, 62)",66,25.0
91,Greedy,E16,"(36, 44)",65,29.0
91,Greedy,E17,"(54, 63)",60,23.0
91,Greedy,E18,"(4, 61)",61,24.0
91,Greedy,E20,"(53, 51)",59,26.0
91,Greedy,E21,"(28, 67)",57,28.0
91,Greedy,E23,"(69, 23)",48,26.0
91,Greedy,E25,"(22, 62)",47,23.0
91,Greedy,E26,"(6, 69)",45,19.0
91,Greedy,E29,"(9, 50)",41,17.0
91,Greedy,E30,"(37, 84)",38,11.0
91,Greedy,E31,"(80, 21)",37,13.0
91,Greedy,E32,"(75, 43)",38,24.0
91,Greedy,E33,"(88, 65)",37,12.0
91,Greedy,E34,"(14, 61)",29,28.0
91,Greedy,E35,"(13, 5)",34,15.0
91,Greedy,E36,"(56, 55)",34,11.0
91,Greedy,E37,"(97, 53)",27,21.0
91,Greedy,E38,"(76, 97)",25,17.0
91,Greedy,E39,"(39, 75)",26,11.0
91,Greedy,E40,"(38, 65)",30,29.0
91,Greedy,E41,"(90, 55)",25,10.0
91,Greedy,E42,"(96, 18)",30,29.0
91,Greedy,E43,"(24, 9)",16,11.0
91,Greedy,E44,"(20, 97)",14,19.0
91,Greedy,E45,"(90, 87)",19,15.0
91,Greedy,E46,"(98, 91)",15,14.0
91,Greedy,E47,"(70, 15)",5,28.0
91,Greedy,E48,"(40, 30)",4,18.0
91,Greedy,E49,"(96, 83)",3,28.0
91,Auction,E15,"(65, 1)",68,27.0
91,Auction,E17,"(54, 63)",60,23.0
91,Auction,E18,"(4, 61)",61,24.0
91,Auction,E20,"(53, 51)",59,26.0
91,Auction,E23,"(69, 23)",48,26.0
91,Auction,E25,"(22, 62)",47,23.0
91,Auction,E26,"(6, 69)",45,19.0
91,Auction,E27,"(7, 66)",43,10.0
91,Auction,E30,"(37, 84)",38,11.0
91,Auction,E31,"(80, 21)",37,13.0
91,Auction,E32,"(75, 43)",38,24.0
91,Auction,E33,"(88, 65)",37,12.0
91,Auction,E34,"(14, 61)",29,28.0
91,Auction,E35,"(13, 5)",34,15.0
91,Auction,E36,"(56, 55)",34,11.0
91,Auction,E37,"(97, 53)",27,21.0
91,Auction,E38,"(76, 97)",25,17.0
91,Auction,E39,"(39, 75)",26,11.0
91,Auction,E40,"(38, 65)",30,29.0
91,Auction,E41,"(90, 55)",25,10.0
91,Auction,E42,"(96, 18)",30,29.0
91,Auction,E43,"(24, 9)",16,11.0
91,Auction,E44,"(20, 97)",14,19.0
91,Auction,E45,"(90, 87)",19,15.0
91,Auction,E46,"(98, 91)",15,14.0
91,Auction,E47,"(70, 15)",5,28.0
91,Auction,E48,"(40, 30)",4,18.0
91,Auction,E49,"(96, 83)",3,28.0
91,Q-Learning,E12,"(1, 47)",70,21.0
91,Q-Learning,E14,"(51, 62)",66,25.0
91,Q-Learning,E15,"(65, 1)",68,27.0
91,Q-Learning,E21,"(28, 67)",57,28.0
91,Q-Learning,E22,"(84, 82)",51,12.0
91,Q-Learning,E23,"(69, 23)",48,26.0
91,Q-Learning,E25,"(22, 62)",47,23.0
91,Q-Learning,E26,"(6, 69)",45,19.0
91,Q-Learning,E29,"(9, 50)",41,17.0
91,Q-Learning,E30,"(37, 84)",38,11.0
91,Q-Learning,E32,"(75, 43)",38,24.0
91,Q-Learning,E33,"(88, 65)",37,12.0
91,Q-Learning,E34,"(14, 61)",29,28.0
91,Q-Learning,E35,"(13, 5)",34,15.0
91,Q-Learning,E36,"(56, 55)",34,11.0
91,Q-Learning,E37,"(97, 53)",27,21.0
91,Q-Learning,E38,"(76, 97)",25,17.0
91,Q-Learning,E39,"(39, 75)",26,11.0
91,Q-Learning,E40,"(38, 65)",30,29.0
91,Q-Learning,E42,"(96, 18)",30,29.0
91,Q-Learning,E43,"(24, 9)",16,11.0
91,Q-Learning,E44,"(20, 97)",14,19.0
91,Q-Learning,E45,"(90, 87)",19,15.0
91,Q-Learning,E46,"(98, 91)",15,14.0
91,Q-Learning,E47,"(70, 15)",5,28.0
91,Q-Learning,E48,"(40, 30)",4,18.0
91,Q-Learning,E49,"(96, 83)",3,28.0
92,Greedy,E14,"(51, 62)",67,25.0
92,Greedy,E16,"(36, 44)",66,29.0
92,Greedy,E17,"(54, 63)",61,23.0
92,Greedy,E18,"(4, 61)",62,24.0
92,Greedy,E20,"(53, 51)",60,26.0
92,Greedy,E21,"(28, 67)",58,28.0
92,Greedy,E23,"(69, 23)",49,26.0
92,Greedy,E25,"(22, 62)",48,23.0
92,Greedy,E26,"(6, 69)",46,19.0
92,Greedy,E29,"(9, 50)",42,17.0
92,Greedy,E30,"(37, 84)",39,11.0
92,Greedy,E31,"(80, 21)",38,13.0
92,Greedy,E32,"(75, 43)",39,24.0
92,Greedy,E33,"(88, 65)",38,12.0
92,Greedy,E34,"(14, 61)",30,28.0
92,Greedy,E35,"(13, 5)",35,15.0
92,Greedy,E36,"(56, 55)",35,11.0
92,Greedy,E37,"(97, 53)",28,21.0
92,Greedy,E38,"(76, 97)",26,17.0
92,Greedy,E39,"(39, 75)",27,11.0
92,Greedy,E40,"(38, 65)",31,29.0
92,Greedy,E41,"(90, 55)",26,10.0
92,Greedy,E42,"(96, 18)",31,29.0
92,Greedy,E43,"(24, 9)",17,11.0
92,Greedy,E44,"(20, 97)",15,19.0
92,Greedy,E45,"(90, 87)",20,15.0
92,Greedy,E46,"(98, 91)",16,14.0
92,Greedy,E47,"(70, 15)",6,28.0
92,Greedy,E48,"(40, 30)",5,18.0
92,Greedy,E49,"(96, 83)",4,28.0
92,Greedy,E50,"(32, 79)",8,10.0
92,Auction,E15,"(65, 1)",69,27.0
92,Auction,E17,"(54, 63)",61,23.0
92,Auction,E18,"(4, 61)",62,24.0
92,Auction,E20,"(53, 51)",60,26.0
92,Auction,E23,"(69, 23)",49,26.0
92,Auction,E25,"(22, 62)",48,23.0
92,Auction,E26,"(6, 69)",46,19.0
92,Auction,E27,"(7, 66)",44,10.0
92,Auction,E30,"(37, 84)",39,11.0
92,Auction,E31,"(80, 21)",38,13.0
92,Auction,E32,"(75, 43)",39,24.0
92,Auction,E33,"(88, 65)",38,12.0
92,Auction,E34,"(14, 61)",30,28.0
92,Auction,E35,"(13, 5)",35,15.0
92,Auction,E36,"(56, 55)",35,11.0
92,Auction,E37,"(97, 53)",28,21.0
92,Auction,E38,"(76, 97)",26,17.0
92,Auction,E39,"(39, 75)",27,11.0
92,Auction,E40,"(38, 65)",31,29.0
92,Auction,E41,"(90, 55)",26,10.0
92,Auction,E42,"(96, 18)",31,29.0
92,Auction,E43,"(24, 9)",17,11.0
92,Auction,E44,"(20, 97)",15,19.0
92,Auction,E45,"(90, 87)",20,15.0
92,Auction,E46,"(98, 91)",16,14.0
92,Auction,E47,"(70, 15)",6,28.0
92,Auction,E48,"(40, 30)",5,18.0
92,Auction,E49,"(96, 83)",4,28.0
92,Auction,E50,"(32, 79)",8,10.0
92,Q-Learning,E12,"(1, 47)",71,21.0
92,Q-Learning,E14,"(51, 62)",67,25.0
92,Q-Learning,E15,"(65, 1)",69,27.0
92,Q-Learning,E21,"(28, 67)",58,28.0
92,Q-Learning,E22,"(84, 82)",52,12.0
92,Q-Learning,E23,"(69, 23)",49,26.0
92,Q-Learning,E25,"(22, 62)",48,23.0
92,Q-Learning,E26,"(6, 69)",46,19.0
92,Q-Learning,E29,"(9, 50)",42,17.0
92,Q-Learning,E30,"(37, 84)",39,11.0
92,Q-Learning,E32,"(75, 43)",39,24.0
92,Q-Learning,E33,"(88, 65)",38,12.0
92,Q-Learning,E34,"(14, 61)",30,28.0
92,Q-Learning,E35,"(13, 5)",35,15.0
92,Q-Learning,E36,"(56, 55)",35,11.0
92,Q-Learning,E37,"(97, 53)",28,21.0
92,Q-Learning,E38,"(76, 97)",26,17.0
92,Q-Learning,E39,"(39, 75)",27,11.0
92,Q-Learning,E40,"(38, 65)",31,29.0
92,Q-Learning,E42,"(96, 18)",31,29.0
92,Q-Learning,E43,"(24, 9)",17,11.0
92,Q-Learning,E44,"(20, 97)",15,19.0
92,Q-Learning,E45,"(90, 87)",20,15.0
92,Q-Learning,E46,"(98, 91)",16,14.0
92,Q-Learning,E47,"(70, 15)",6,28.0
92,Q-Learning,E48,"(40, 30)",5,18.0
92,Q-Learning,E49,"(96, 83)",4,28.0
92,Q-Learning,E50,"(32, 79)",8,10.0
93,Greedy,E14,"(51, 62)",68,25.0
93,Greedy,E16,"(36, 44)",67,29.0
93,Greedy,E17,"(54, 63)",62,23.0
93,Greedy,E18,"(4, 61)",63,24.0
93,Greedy,E20,"(53, 51)",61,26.0
93,Greedy,E21,"(28, 67)",59,28.0
93,Greedy,E23,"(69, 23)",50,26.0
93,Greedy,E25,"(22, 62)",49,23.0
93,Greedy,E26,"(6, 69)",47,19.0
93,Greedy,E29,"(9, 50)",43,17.0
93,Greedy,E30,"(37, 84)",40,11.0
93,Greedy,E31,"(80, 21)",39,13.0
93,Greedy,E32,"(75, 43)",40,24.0
93,Greedy,E33,"(88, 65)",39,12.0
93,Greedy,E34,"(14, 61)",31,28.0
93,Greedy,E35,"(13, 5)",36,15.0
93,Greedy,E36,"(56, 55)",36,11.0
93,Greedy,E37,"(97, 53)",29,21.0
93,Greedy,E38,"(76, 97)",27,17.0
93,Greedy,E39,"(39, 75)",28,11.0
93,Greedy,E40,"(38, 65)",32,29.0
93,Greedy,E41,"(90, 55)",27,10.0
93,Greedy,E42,"(96, 18)",32,29.0
93,Greedy,E43,"(24, 9)",18,11.0
93,Greedy,E44,"(20, 97)",16,19.0
93,Greedy,E45,"(90, 87)",21,15.0
93,Greedy,E46,"(98, 91)",17,14.0
93,Greedy,E47,"(70, 15)",7,28.0
93,Greedy,E48,"(40, 30)",6,18.0
93,Greedy,E49,"(96, 83)",5,28.0
93,Greedy,E50,"(32, 79)",9,10.0
93,Auction,E15,"(65, 1)",70,27.0
93,Auction,E17,"(54, 63)",62,23.0
93,Auction,E18,"(4, 61)",63,24.0
93,Auction,E20,"(53, 51)",61,26.0
93,Auction,E23,"(69, 23)",50,26.0
93,Auction,E25,"(22, 62)",49,23.0
93,Auction,E26,"(6, 69)",47,19.0
93,Auction,E27,"(7, 66)",45,10.0
93,Auction,E30,"(37, 84)",40,11.0
93,Auction,E31,"(80, 21)",39,13.0
93,Auction,E32,"(75, 43)",40,24.0
93,Auction,E33,"(88, 65)",39,12.0
93,Auction,E34,"(14, 61)",31,28.0
93,Auction,E35,"(13, 5)",36,15.0
93,Auction,E36,"(56, 55)",36,11.0
93,Auction,E37,"(97, 53)",29,21.0
93,Auction,E38,"(76, 97)",27,17.0
93,Auction,E39,"(39, 75)",28,11.0
93,Auction,E40,"(38, 65)",32,29.0
93,Auction,E41,"(90, 55)",27,10.0
93,Auction,E42,"(96, 18)",32,29.0
93,Auction,E43,"(24, 9)",18,11.0
93,Auction,E44,"(20, 97)",16,19.0
93,Auction,E45,"(90, 87)",21,15.0
93,Auction,E46,"(98, 91)",17,14.0
93,Auction,E47,"(70, 15)",7,28.0
93,Auction,E48,"(40, 30)",6,18.0
93,Auction,E49,"(96, 83)",5,28.0
93,Auction,E50,"(32, 79)",9,10.0
93,Q-Learning,E12,"(1, 47)",72,21.0
93,Q-Learning,E14,"(51, 62)",68,25.0
93,Q-Learning,E15,"(65, 1)",70,27.0
93,Q-Learning,E21,"(28, 67)",59,28.0
93,Q-Learning,E22,"(84, 82)",53,12.0
93,Q-Learning,E23,"(69, 23)",50,26.0
93,Q-Learning,E25,"(22, 62)",49,23.0
93,Q-Learning,E26,"(6, 69)",47,19.0
93,Q-Learning,E29,"(9, 50)",43,17.0
93,Q-Learning,E30,"(37, 84)",40,11.0
93,Q-Learning,E32,"(75, 43)",40,24.0
93,Q-Learning,E33,"(88, 65)",39,12.0
93,Q-Learning,E34,"(14, 61)",31,28.0
93,Q-Learning,E35,"(13, 5)",36,15.0
93,Q-Learning,E36,"(56, 55)",36,11.0
93,Q-Learning,E37,"(97, 53)",29,21.0
93,Q-Learning,E38,"(76, 97)",27,17.0
93,Q-Learning,E39,"(39, 75)",28,11.0
93,Q-Learning,E40,"(38, 65)",32,29.0
93,Q-Learning,E42,"(96, 18)",32,29.0
93,Q-Learning,E43,"(24, 9)",18,11.0
93,Q-Learning,E44,"(20, 97)",16,19.0
93,Q-Learning,E45,"(90, 87)",21,15.0
93,Q-Learning,E46,"(98, 91)",17,14.0
93,Q-Learning,E47,"(70, 15)",7,28.0
93,Q-Learning,E48,"(40, 30)",6,18.0
93,Q-Learning,E49,"(96, 83)",5,28.0
93,Q-Learning,E50,"(32, 79)",9,10.0
94,Greedy,E14,"(51, 62)",69,25.0
94,Greedy,E16,"(36, 44)",68,29.0
94,Greedy,E17,"(54, 63)",63,23.0
94,Greedy,E18,"(4, 61)",64,24.0
94,Greedy,E20,"(53, 51)",62,26.0
94,Greedy,E21,"(28, 67)",60,28.0
94,Greedy,E23,"(69, 23)",51,26.0
94,Greedy,E25,"(22, 62)",50,23.0
94,Greedy,E26,"(6, 69)",48,19.0
94,Greedy,E29,"(9, 50)",44,17.0
94,Greedy,E30,"(37, 84)",41,11.0
94,Greedy,E31,"(80, 21)",40,13.0
94,Greedy,E32,"(75, 43)",41,24.0
94,Greedy,E33,"(88, 65)",40,12.0
94,Greedy,E34,"(14, 61)",32,28.0
94,Greedy,E35,"(13, 5)",37,15.0
94,Greedy,E36,"(56, 55)",37,11.0
94,Greedy,E37,"(97, 53)",30,21.0
94,Greedy,E38,"(76, 97)",28,17.0
94,Greedy,E39,"(39, 75)",29,11.0
94,Greedy,E40,"(38, 65)",33,29.0
94,Greedy,E41,"(90, 55)",28,10.0
94,Greedy,E42,"(96, 18)",33,29.0
94,Greedy,E43,"(24, 9)",19,11.0
94,Greedy,E44,"(20, 97)",17,19.0
94,Greedy,E45,"(90, 87)",22,15.0
94,Greedy,E46,"(98, 91)",18,14.0
94,Greedy,E47,"(70, 15)",8,28.0
94,Greedy,E48,"(40, 30)",7,18.0
94,Greedy,E49,"(96, 83)",6,28.0
94,Greedy,E50,"(32, 79)",10,10.0
94,Greedy,E51,"(58, 96)",6,12.0
94,Auction,E15,"(65, 1)",71,27.0
94,Auction,E17,"(54, 63)",63,23.0
94,Auction,E18,"(4, 61)",64,24.0
94,Auction,E20,"(53, 51)",62,26.0
94,Auction,E23,"(69, 23)",51,26.0
94,Auction,E25,"(22, 62)",50,23.0
94,Auction,E26,"(6, 69)",48,19.0
94,Auction,E27,"(7, 66)",46,10.0
94,Auction,E30,"(37, 84)",41,11.0
94,Auction,E31,"(80, 21)",40,13.0
94,Auction,E32,"(75, 43)",41,24.0
94,Auction,E33,"(88, 65)",40,12.0
94,Auction,E34,"(14, 61)",32,28.0
94,Auction,E35,"(13, 5)",37,15.0
94,Auction,E36,"(56, 55)",37,11.0
94,Auction,E37,"(97, 53)",30,21.0
94,Auction,E38,"(76, 97)",28,17.0
94,Auction,E39,"(39, 75)",29,11.0
94,Auction,E40,"(38, 65)",33,29.0
94,Auction,E41,"(90, 55)",28,10.0
94,Auction,E42,"(96, 18)",33,29.0
94,Auction,E43,"(24, 9)",19,11.0
94,Auction,E44,"(20, 97)",17,19.0
94,Auction,E45,"(90, 87)",22,15.0
94,Auction,E46,"(98, 91)",18,14.0
94,Auction,E47,"(70, 15)",8,28.0
94,Auction,E48,"(40, 30)",7,18.0
94,Auction,E49,"(96, 83)",6,28.0
94,Auction,E50,"(32, 79)",10,10.0
94,Auction,E51,"(58, 96)",6,12.0
94,Q-Learning,E12,"(1, 47)",73,21.0
94,Q-Learning,E14,"(51, 62)",69,25.0
94,Q-Learning,E15,"(65, 1)",71,27.0
94,Q-Learning,E21,"(28, 67)",60,28.0
94,Q-Learning,E22,"(84, 82)",54,12.0
94,Q-Learning,E23,"(69, 23)",51,26.0
94,Q-Learning,E25,"(22, 62)",50,23.0
94,Q-Learning,E26,"(6, 69)",48,19.0
94,Q-Learning,E29,"(9, 50)",44,17.0
94,Q-Learning,E30,"(37, 84)",41,11.0
94,Q-Learning,E32,"(75, 43)",41,24.0
94,Q-Learning,E33,"(88, 65)",40,12.0
94,Q-Learning,E34,"(14, 61)",32,28.0
94,Q-Learning,E35,"(13, 5)",37,15.0
94,Q-Learning,E36,"(56, 55)",37,11.0
94,Q-Learning,E37,"(97, 53)",30,21.0
94,Q-Learning,E38,"(76, 97)",28,17.0
94,Q-Learning,E39,"(39, 75)",29,11.0
94,Q-Learning,E40,"(38, 65)",33,29.0
94,Q-Learning,E42,"(96, 18)",33,29.0
94,Q-Learning,E43,"(24, 9)",19,11.0
94,Q-Learning,E44,"(20, 97)",17,19.0
94,Q-Learning,E45,"(90, 87)",22,15.0
94,Q-Learning,E46,"(98, 91)",18,14.0
94,Q-Learning,E47,"(70, 15)",8,28.0
94,Q-Learning,E48,"(40, 30)",7,18.0
94,Q-Learning,E49,"(96, 83)",6,28.0
94,Q-Learning,E50,"(32, 79)",10,10.0
94,Q-Learning,E51,"(58, 96)",6,12.0
95,Greedy,E14,"(51, 62)",70,25.0
95,Greedy,E16,"(36, 44)",69,29.0
95,Greedy,E17,"(54, 63)",64,23.0
95,Greedy,E18,"(4, 61)",65,24.0
95,Greedy,E20,"(53, 51)",63,26.0
95,Greedy,E21,"(28, 67)",61,28.0
95,Greedy,E23,"(69, 23)",52,26.0
95,Greedy,E25,"(22, 62)",51,23.0
95,Greedy,E26,"(6, 69)",49,19.0
95,Greedy,E29,"(9, 50)",45,17.0
95,Greedy,E30,"(37, 84)",42,11.0
95,Greedy,E31,"(80, 21)",41,13.0
95,Greedy,E32,"(75, 43)",42,24.0
95,Greedy,E33,"(88, 65)",41,12.0
95,Greedy,E34,"(14, 61)",33,28.0
95,Greedy,E35,"(13, 5)",38,15.0
95,Greedy,E36,"(56, 55)",38,11.0
95,Greedy,E37,"(97, 53)",31,21.0
95,Greedy,E38,"(76, 97)",29,17.0
95,Greedy,E39,"(39, 75)",30,11.0
95,Greedy,E40,"(38, 65)",34,29.0
95,Greedy,E41,"(90, 55)",29,10.0
95,Greedy,E42,"(96, 18)",34,29.0
95,Greedy,E43,"(24, 9)",20,11.0
95,Greedy,E44,"(20, 97)",18,19.0
95,Greedy,E45,"(90, 87)",23,15.0
95,Greedy,E46,"(98, 91)",19,14.0
95,Greedy,E47,"(70, 15)",9,28.0
95,Greedy,E48,"(40, 30)",8,18.0
95,Greedy,E49,"(96, 83)",7,28.0
95,Greedy,E50,"(32, 79)",11,10.0
95,Greedy,E51,"(58, 96)",7,12.0
95,Greedy,E52,"(88, 67)",8,25.0
95,Auction,E15,"(65, 1)",72,27.0
95,Auction,E17,"(54, 63)",64,23.0
95,Auction,E18,"(4, 61)",65,24.0
95,Auction,E20,"(53, 51)",63,26.0
95,Auction,E23,"(69, 23)",52,26.0
95,Auction,E25,"(22, 62)",51,23.0
95,Auction,E26,"(6, 69)",49,19.0
95,Auction,E27,"(7, 66)",47,10.0
95,Auction,E30,"(37, 84)",42,11.0
95,Auction,E31,"(80, 21)",41,13.0
95,Auction,E32,"(75, 43)",42,24.0
95,Auction,E33,"(88, 65)",41,12.0
95,Auction,E34,"(14, 61)",33,28.0
95,Auction,E35,"(13, 5)",38,15.0
95,Auction,E36,"(56, 55)",38,11.0
95,Auction,E37,"(97, 53)",31,21.0
95,Auction,E38,"(76, 97)",29,17.0
95,Auction,E39,"(39, 75)",30,11.0
95,Auction,E40,"(38, 65)",34,29.0
95,Auction,E41,"(90, 55)",29,10.0
95,Auction,E42,"(96, 18)",34,29.0
95,Auction,E43,"(24, 9)",20,11.0
95,Auction,E44,"(20, 97)",18,19.0
95,Auction,E45,"(90, 87)",23,15.0
95,Auction,E46,"(98, 91)",19,14.0
95,Auction,E47,"(70, 15)",9,28.0
95,Auction,E48,"(40, 30)",8,18.0
95,Auction,E49,"(96, 83)",7,28.0
95,Auction,E50,"(32, 79)",11,10.0
95,Auction,E51,"(58, 96)",7,12.0
95,Auction,E52,"(88, 67)",8,25.0
95,Q-Learning,E12,"(1, 47)",74,21.0
95,Q-Learning,E14,"(51, 62)",70,25.0
95,Q-Learning,E15,"(65, 1)",72,27.0
95,Q-Learning,E21,"(28, 67)",61,28.0
95,Q-Learning,E22,"(84, 82)",55,12.0
95,Q-Learning,E23,"(69, 23)",52,26.0
95,Q-Learning,E25,"(22, 62)",51,23.0
95,Q-Learning,E26,"(6, 69)",49,19.0
95,Q-Learning,E29,"(9, 50)",45,17.0
95,Q-Learning,E30,"(37, 84)",42,11.0
95,Q-Learning,E32,"(75, 43)",42,24.0
95,Q-Learning,E33,"(88, 65)",41,12.0
95,Q-Learning,E34,"(14, 61)",33,28.0
95,Q-Learning,E35,"(13, 5)",38,15.0
95,Q-Learning,E36,"(56, 55)",38,11.0
95,Q-Learning,E37,"(97, 53)",31,21.0
95,Q-Learning,E38,"(76, 97)",29,17.0
95,Q-Learning,E39,"(39, 75)",30,11.0
95,Q-Learning,E40,"(38, 65)",34,29.0
95,Q-Learning,E42,"(96, 18)",34,29.0
95,Q-Learning,E43,"(24, 9)",20,11.0
95,Q-Learning,E44,"(20, 97)",18,19.0
95,Q-Learning,E45,"(90, 87)",23,15.0
95,Q-Learning,E46,"(98, 91)",19,14.0
95,Q-Learning,E47,"(70, 15)",9,28.0
95,Q-Learning,E48,"(40, 30)",8,18.0
95,Q-Learning,E49,"(96, 83)",7,28.0
95,Q-Learning,E50,"(32, 79)",11,10.0
95,Q-Learning,E51,"(58, 96)",7,12.0
95,Q-Learning,E52,"(88, 67)",8,25.0
96,Greedy,E14,"(51, 62)",71,25.0
96,Greedy,E16,"(36, 44)",70,29.0
96,Greedy,E17,"(54, 63)",65,23.0
96,Greedy,E18,"(4, 61)",66,24.0
96,Greedy,E20,"(53, 51)",64,26.0
96,Greedy,E21,"(28, 67)",62,28.0
96,Greedy,E23,"(69, 23)",53,26.0
96,Greedy,E25,"(22, 62)",52,23.0
96,Greedy,E26,"(6, 69)",50,19.0
96,Greedy,E29,"(9, 50)",46,17.0
96,Greedy,E30,"(37, 84)",43,11.0
96,Greedy,E31,"(80, 21)",42,13.0
96,Greedy,E32,"(75, 43)",43,24.0
96,Greedy,E33,"(88, 65)",42,12.0
96,Greedy,E34,"(14, 61)",34,28.0
96,Greedy,E35,"(13, 5)",39,15.0
96,Greedy,E36,"(56, 55)",39,11.0
96,Greedy,E37,"(97, 53)",32,21.0
96,Greedy,E38,"(76, 97)",30,17.0
96,Greedy,E39,"(39, 75)",31,11.0
96,Greedy,E40,"(38, 65)",35,29.0
96,Greedy,E41,"(90, 55)",30,10.0
96,Greedy,E42,"(96, 18)",35,29.0
96,Greedy,E43,"(24, 9)",21,11.0
96,Greedy,E44,"(20, 97)",19,19.0
96,Greedy,E45,"(90, 87)",24,15.0
96,Greedy,E46,"(98, 91)",20,14.0
96,Greedy,E47,"(70, 15)",10,28.0
96,Greedy,E48,"(40, 30)",9,18.0
96,Greedy,E49,"(96, 83)",8,28.0
96,Greedy,E50,"(32, 79)",12,10.0
96,Greedy,E51,"(58, 96)",8,12.0
96,Greedy,E52,"(88, 67)",9,25.0
96,Greedy,E53,"(37, 56)",2,25.0
96,Auction,E15,"(65, 1)",73,27.0
96,Auction,E17,"(54, 63)",65,23.0
96,Auction,E18,"(4, 61)",66,24.0
96,Auction,E20,"(53, 51)",64,26.0
96,Auction,E23,"(69, 23)",53,26.0
96,Auction,E25,"(22, 62)",52,23.0
96,Auction,E26,"(6, 69)",50,19.0
96,Auction,E27,"(7, 66)",48,10.0
96,Auction,E30,"(37, 84)",43,11.0
96,Auction,E31,"(80, 21)",42,13.0
96,Auction,E32,"(75, 43)",43,24.0
96,Auction,E33,"(88, 65)",42,12.0
96,Auction,E34,"(14, 61)",34,28.0
96,Auction,E35,"(13, 5)",39,15.0
96,Auction,E36,"(56, 55)",39,11.0
96,Auction,E37,"(97, 53)",32,21.0
96,Auction,E38,"(76, 97)",30,17.0
96,Auction,E39,"(39, 75)",31,11.0
96,Auction,E40,"(38, 65)",35,29.0
96,Auction,E41,"(90, 55)",30,10.0
96,Auction,E42,"(96, 18)",35,29.0
96,Auction,E43,"(24, 9)",21,11.0
96,Auction,E44,"(20, 97)",19,19.0
96,Auction,E45,"(90, 87)",24,15.0
96,Auction,E46,"(98, 91)",20,14.0
96,Auction,E47,"(70, 15)",10,28.0
96,Auction,E48,"(40, 30)",9,18.0
96,Auction,E49,"(96, 83)",8,28.0
96,Auction,E50,"(32, 79)",12,10.0
96,Auction,E51,"(58, 96)",8,12.0
96,Auction,E52,"(88, 67)",9,25.0
96,Auction,E53,"(37, 56)",2,25.0
96,Q-Learning,E12,"(1, 47)",75,21.0
96,Q-Learning,E14,"(51, 62)",71,25.0
96,Q-Learning,E15,"(65, 1)",73,27.0
96,Q-Learning,E21,"(28, 67)",62,28.0
96,Q-Learning,E22,"(84, 82)",56,12.0
96,Q-Learning,E23,"(69, 23)",53,26.0
96,Q-Learning,E25,"(22, 62)",52,23.0
96,Q-Learning,E26,"(6, 69)",50,19.0
96,Q-Learning,E29,"(9, 50)",46,17.0
96,Q-Learning,E30,"(37, 84)",43,11.0
96,Q-Learning,E32,"(75, 43)",43,24.0
96,Q-Learning,E33,"(88, 65)",42,12.0
96,Q-Learning,E34,"(14, 61)",34,28.0
96,Q-Learning,E35,"(13, 5)",39,15.0
96,Q-Learning,E36,"(56, 55)",39,11.0
96,Q-Learning,E37,"(97, 53)",32,21.0
96,Q-Learning,E38,"(76, 97)",30,17.0
96,Q-Learning,E39,"(39, 75)",31,11.0
96,Q-Learning,E40,"(38, 65)",35,29.0
96,Q-Learning,E42,"(96, 18)",35,29.0
96,Q-Learning,E43,"(24, 9)",21,11.0
96,Q-Learning,E44,"(20, 97)",19,19.0
96,Q-Learning,E45,"(90, 87)",24,15.0
96,Q-Learning,E46,"(98, 91)",20,14.0
96,Q-Learning,E47,"(70, 15)",10,28.0
96,Q-Learning,E48,"(40, 30)",9,18.0
96,Q-Learning,E49,"(96, 83)",8,28.0
96,Q-Learning,E50,"(32, 79)",12,10.0
96,Q-Learning,E51,"(58, 96)",8,12.0
96,Q-Learning,E52,"(88, 67)",9,25.0
96,Q-Learning,E53,"(37, 56)",2,25.0
97,Greedy,E14,"(51, 62)",72,25.0
97,Greedy,E16,"(36, 44)",71,29.0
97,Greedy,E17,"(54, 63)",66,23.0
97,Greedy,E18,"(4, 61)",67,24.0
97,Greedy,E20,"(53, 51)",65,26.0
97,Greedy,E21,"(28, 67)",63,28.0
97,Greedy,E23,"(69, 23)",54,26.0
97,Greedy,E25,"(22, 62)",53,23.0
97,Greedy,E26,"(6, 69)",51,19.0
97,Greedy,E29,"(9, 50)",47,17.0
97,Greedy,E30,"(37, 84)",44,11.0
97,Greedy,E31,"(80, 21)",43,13.0
97,Greedy,E32,"(75, 43)",44,24.0
97,Greedy,E33,"(88, 65)",43,12.0
97,Greedy,E34,"(14, 61)",35,28.0
97,Greedy,E35,"(13, 5)",40,15.0
97,Greedy,E36,"(56, 55)",40,11.0
97,Greedy,E37,"(97, 53)",33,21.0
97,Greedy,E38,"(76, 97)",31,17.0
97,Greedy,E39,"(39, 75)",32,11.0
97,Greedy,E40,"(38, 65)",36,29.0
97,Greedy,E41,"(90, 55)",31,10.0
97,Greedy,E42,"(96, 18)",36,29.0
97,Greedy,E43,"(24, 9)",22,11.0
97,Greedy,E44,"(20, 97)",20,19.0
97,Greedy,E45,"(90, 87)",25,15.0
97,Greedy,E46,"(98, 91)",21,14.0
97,Greedy,E47,"(70, 15)",11,28.0
97,Greedy,E48,"(40, 30)",10,18.0
97,Greedy,E49,"(96, 83)",9,28.0
97,Greedy,E50,"(32, 79)",13,10.0
97,Greedy,E51,"(58, 96)",9,12.0
97,Greedy,E52,"(88, 67)",10,25.0
97,Greedy,E53,"(37, 56)",3,25.0
97,Auction,E15,"(65, 1)",74,27.0
97,Auction,E17,"(54, 63)",66,23.0
97,Auction,E18,"(4, 61)",67,24.0
97,Auction,E20,"(53, 51)",65,26.0
97,Auction,E23,"(69, 23)",54,26.0
97,Auction,E25,"(22, 62)",53,23.0
97,Auction,E26,"(6, 69)",51,19.0
97,Auction,E27,"(7, 66)",49,10.0
97,Auction,E30,"(37, 84)",44,11.0
97,Auction,E31,"(80, 21)",43,13.0
97,Auction,E32,"(75, 43)",44,24.0
97,Auction,E33,"(88, 65)",43,12.0
97,Auction,E34,"(14, 61)",35,28.0
97,Auction,E35,"(13, 5)",40,15.0
97,Auction,E36,"(56, 55)",40,11.0
97,Auction,E37,"(97, 53)",33,21.0
97,Auction,E38,"(76, 97)",31,17.0
97,Auction,E39,"(39, 75)",32,11.0
97,Auction,E40,"(38, 65)",36,29.0
97,Auction,E41,"(90, 55)",31,10.0
97,Auction,E42,"(96, 18)",36,29.0
97,Auction,E43,"(24, 9)",22,11.0
97,Auction,E44,"(20, 97)",20,19.0
97,Auction,E45,"(90, 87)",25,15.0
97,Auction,E46,"(98, 91)",21,14.0
97,Auction,E47,"(70, 15)",11,28.0
97,Auction,E48,"(40, 30)",10,18.0
97,Auction,E49,"(96, 83)",9,28.0
97,Auction,E50,"(32, 79)",13,10.0
97,Auction,E51,"(58, 96)",9,12.0
97,Auction,E52,"(88, 67)",10,25.0
97,Auction,E53,"(37, 56)",3,25.0
97,Q-Learning,E12,"(1, 47)",76,21.0
97,Q-Learning,E14,"(51, 62)",72,25.0
97,Q-Learning,E15,"(65, 1)",74,27.0
97,Q-Learning,E21,"(28, 67)",63,28.0
97,Q-Learning,E22,"(84, 82)",57,12.0
97,Q-Learning,E23,"(69, 23)",54,26.0
97,Q-Learning,E25,"(22, 62)",53,23.0
97,Q-Learning,E26,"(6, 69)",51,19.0
97,Q-Learning,E29,"(9, 50)",47,17.0
97,Q-Learning,E30,"(37, 84)",44,11.0
97,Q-Learning,E32,"(75, 43)",44,24.0
97,Q-Learning,E33,"(88, 65)",43,12.0
97,Q-Learning,E34,"(14, 61)",35,28.0
97,Q-Learning,E35,"(13, 5)",40,15.0
97,Q-Learning,E36,"(56, 55)",40,11.0
97,Q-Learning,E37,"(97, 53)",33,21.0
97,Q-Learning,E38,"(76, 97)",31,17.0
97,Q-Learning,E39,"(39, 75)",32,11.0
97,Q-Learning,E40,"(38, 65)",36,29.0
97,Q-Learning,E42,"(96, 18)",36,29.0
97,Q-Learning,E43,"(24, 9)",22,11.0
97,Q-Learning,E44,"(20, 97)",20,19.0
97,Q-Learning,E45,"(90, 87)",25,15.0
97,Q-Learning,E46,"(98, 91)",21,14.0
97,Q-Learning,E47,"(70, 15)",11,28.0
97,Q-Learning,E48,"(40, 30)",10,18.0
97,Q-Learning,E49,"(96, 83)",9,28.0
97,Q-Learning,E50,"(32, 79)",13,10.0
97,Q-Learning,E51,"(58, 96)",9,12.0
97,Q-Learning,E52,"(88, 67)",10,25.0
97,Q-Learning,E53,"(37, 56)",3,25.0
98,Greedy,E14,"(51, 62)",73,25.0
98,Greedy,E16,"(36, 44)",72,29.0
98,Greedy,E17,"(54, 63)",67,23.0
98,Greedy,E18,"(4, 61)",68,24.0
98,Greedy,E20,"(53, 51)",66,26.0
98,Greedy,E21,"(28, 67)",64,28.0
98,Greedy,E23,"(69, 23)",55,26.0
98,Greedy,E25,"(22, 62)",54,23.0
98,Greedy,E26,"(6, 69)",52,19.0
98,Greedy,E29,"(9, 50)",48,17.0
98,Greedy,E30,"(37, 84)",45,11.0
98,Greedy,E31,"(80, 21)",44,13.0
98,Greedy,E32,"(75, 43)",45,24.0
98,Greedy,E33,"(88, 65)",44,12.0
98,Greedy,E34,"(14, 61)",36,28.0
98,Greedy,E35,"(13, 5)",41,15.0
98,Greedy,E36,"(56, 55)",41,11.0
98,Greedy,E37,"(97, 53)",34,21.0
98,Greedy,E38,"(76, 97)",32,17.0
98,Greedy,E39,"(39, 75)",33,11.0
98,Greedy,E40,"(38, 65)",37,29.0
98,Greedy,E41,"(90, 55)",32,10.0
98,Greedy,E42,"(96, 18)",37,29.0
98,Greedy,E43,"(24, 9)",23,11.0
98,Greedy,E44,"(20, 97)",21,19.0
98,Greedy,E45,"(90, 87)",26,15.0
98,Greedy,E46,"(98, 91)",22,14.0
98,Greedy,E47,"(70, 15)",12,28.0
98,Greedy,E48,"(40, 30)",11,18.0
98,Greedy,E49,"(96, 83)",10,28.0
98,Greedy,E50,"(32, 79)",14,10.0
98,Greedy,E51,"(58, 96)",10,12.0
98,Greedy,E52,"(88, 67)",11,25.0
98,Greedy,E53,"(37, 56)",4,25.0
98,Greedy,E54,"(56, 71)",3,10.0
98,Auction,E15,"(65, 1)",75,27.0
98,Auction,E17,"(54, 63)",67,23.0
98,Auction,E18,"(4, 61)",68,24.0
98,Auction,E20,"(53, 51)",66,26.0
98,Auction,E23,"(69, 23)",55,26.0
98,Auction,E25,"(22, 62)",54,23.0
98,Auction,E26,"(6, 69)",52,19.0
98,Auction,E27,"(7, 66)",50,10.0
98,Auction,E30,"(37, 84)",45,11.0
98,Auction,E31,"(80, 21)",44,13.0
98,Auction,E32,"(75, 43)",45,24.0
98,Auction,E33,"(88, 65)",44,12.0
98,Auction,E34,"(14, 61)",36,28.0
98,Auction,E35,"(13, 5)",41,15.0
98,Auction,E36,"(56, 55)",41,11.0
98,Auction,E37,"(97, 53)",34,21.0
98,Auction,E38,"(76, 97)",32,17.0
98,Auction,E39,"(39, 75)",33,11.0
98,Auction,E40,"(38, 65)",37,29.0
98,Auction,E41,"(90, 55)",32,10.0
98,Auction,E42,"(96, 18)",37,29.0
98,Auction,E43,"(24, 9)",23,11.0
98,Auction,E44,"(20, 97)",21,19.0
98,Auction,E45,"(90, 87)",26,15.0
98,Auction,E46,"(98, 91)",22,14.0
98,Auction,E47,"(70, 15)",12,28.0
98,Auction,E48,"(40, 30)",11,18.0
98,Auction,E49,"(96, 83)",10,28.0
98,Auction,E50,"(32, 79)",14,10.0
98,Auction,E51,"(58, 96)",10,12.0
98,Auction,E52,"(88, 67)",11,25.0
98,Auction,E53,"(37, 56)",4,25.0
98,Auction,E54,"(56, 71)",3,10.0
98,Q-Learning,E12,"(1, 47)",77,21.0
98,Q-Learning,E14,"(51, 62)",73,25.0
98,Q-Learning,E15,"(65, 1)",75,27.0
98,Q-Learning,E21,"(28, 67)",64,28.0
98,Q-Learning,E22,"(84, 82)",58,12.0
98,Q-Learning,E23,"(69, 23)",55,26.0
98,Q-Learning,E25,"(22, 62)",54,23.0
98,Q-Learning,E26,"(6, 69)",52,19.0
98,Q-Learning,E29,"(9, 50)",48,17.0
98,Q-Learning,E30,"(37, 84)",45,11.0
98,Q-Learning,E32,"(75, 43)",45,24.0
98,Q-Learning,E33,"(88, 65)",44,12.0
98,Q-Learning,E34,"(14, 61)",36,28.0
98,Q-Learning,E35,"(13, 5)",41,15.0
98,Q-Learning,E36,"(56, 55)",41,11.0
98,Q-Learning,E37,"(97, 53)",34,21.0
98,Q-Learning,E38,"(76, 97)",32,17.0
98,Q-Learning,E39,"(39, 75)",33,11.0
98,Q-Learning,E40,"(38, 65)",37,29.0
98,Q-Learning,E42,"(96, 18)",37,29.0
98,Q-Learning,E43,"(24, 9)",23,11.0
98,Q-Learning,E44,"(20, 97)",21,19.0
98,Q-Learning,E45,"(90, 87)",26,15.0
98,Q-Learning,E46,"(98, 91)",22,14.0
98,Q-Learning,E47,"(70, 15)",12,28.0
98,Q-Learning,E48,"(40, 30)",11,18.0
98,Q-Learning,E49,"(96, 83)",10,28.0
98,Q-Learning,E50,"(32, 79)",14,10.0
98,Q-Learning,E51,"(58, 96)",10,12.0
98,Q-Learning,E52,"(88, 67)",11,25.0
98,Q-Learning,E53,"(37, 56)",4,25.0
98,Q-Learning,E54,"(56, 71)",3,10.0
99,Greedy,E14,"(51, 62)",74,25.0
99,Greedy,E16,"(36, 44)",73,29.0
99,Greedy,E17,"(54, 63)",68,23.0
99,Greedy,E18,"(4, 61)",69,24.0
99,Greedy,E20,"(53, 51)",67,26.0
99,Greedy,E21,"(28, 67)",65,28.0
99,Greedy,E23,"(69, 23)",56,26.0
99,Greedy,E25,"(22, 62)",55,23.0
99,Greedy,E26,"(6, 69)",53,19.0
99,Greedy,E29,"(9, 50)",49,17.0
99,Greedy,E30,"(37, 84)",46,11.0
99,Greedy,E31,"(80, 21)",45,13.0
99,Greedy,E32,"(75, 43)",46,24.0
99,Greedy,E33,"(88, 65)",45,12.0
99,Greedy,E34,"(14, 61)",37,28.0
99,Greedy,E35,"(13, 5)",42,15.0
99,Greedy,E36,"(56, 55)",42,11.0
99,Greedy,E37,"(97, 53)",35,21.0
99,Greedy,E38,"(76, 97)",33,17.0
99,Greedy,E39,"(39, 75)",34,11.0
99,Greedy,E40,"(38, 65)",38,29.0
99,Greedy,E41,"(90, 55)",33,10.0
99,Greedy,E42,"(96, 18)",38,29.0
99,Greedy,E43,"(24, 9)",24,11.0
99,Greedy,E44,"(20, 97)",22,19.0
99,Greedy,E45,"(90, 87)",27,15.0
99,Greedy,E46,"(98, 91)",23,14.0
99,Greedy,E47,"(70, 15)",13,28.0
99,Greedy,E48,"(40, 30)",12,18.0
99,Greedy,E49,"(96, 83)",11,28.0
99,Greedy,E50,"(32, 79)",15,10.0
99,Greedy,E51,"(58, 96)",11,12.0
99,Greedy,E52,"(88, 67)",12,25.0
99,Greedy,E53,"(37, 56)",5,25.0
99,Greedy,E54,"(56, 71)",4,10.0
99,Auction,E15,"(65, 1)",76,27.0
99,Auction,E17,"(54, 63)",68,23.0
99,Auction,E18,"(4, 61)",69,24.0
99,Auction,E20,"(53, 51)",67,26.0
99,Auction,E23,"(69, 23)",56,26.0
99,Auction,E25,"(22, 62)",55,23.0
99,Auction,E26,"(6, 69)",53,19.0
99,Auction,E27,"(7, 66)",51,10.0
99,Auction,E30,"(37, 84)",46,11.0
99,Auction,E31,"(80, 21)",45,13.0
99,Auction,E32,"(75, 43)",46,24.0
99,Auction,E33,"(88, 65)",45,12.0
99,Auction,E34,"(14, 61)",37,28.0
99,Auction,E35,"(13, 5)",42,15.0
99,Auction,E36,"(56, 55)",42,11.0
99,Auction,E37,"(97, 53)",35,21.0
99,Auction,E38,"(76, 97)",33,17.0
99,Auction,E39,"(39, 75)",34,11.0
99,Auction,E40,"(38, 65)",38,29.0
99,Auction,E41,"(90, 55)",33,10.0
99,Auction,E42,"(96, 18)",38,29.0
99,Auction,E43,"(24, 9)",24,11.0
99,Auction,E44,"(20, 97)",22,19.0
99,Auction,E45,"(90, 87)",27,15.0
99,Auction,E46,"(98, 91)",23,14.0
99,Auction,E47,"(70, 15)",13,28.0
99,Auction,E48,"(40, 30)",12,18.0
99,Auction,E49,"(96, 83)",11,28.0
99,Auction,E50,"(32, 79)",15,10.0
99,Auction,E51,"(58, 96)",11,12.0
99,Auction,E52,"(88, 67)",12,25.0
99,Auction,E53,"(37, 56)",5,25.0
99,Auction,E54,"(56, 71)",4,10.0
99,Q-Learning,E12,"(1, 47)",78,21.0
99,Q-Learning,E14,"(51, 62)",74,25.0
99,Q-Learning,E15,"(65, 1)",76,27.0
99,Q-Learning,E21,"(28, 67)",65,28.0
99,Q-Learning,E22,"(84, 82)",59,12.0
99,Q-Learning,E23,"(69, 23)",56,26.0
99,Q-Learning,E25,"(22, 62)",55,23.0
99,Q-Learning,E26,"(6, 69)",53,19.0
99,Q-Learning,E29,"(9, 50)",49,17.0
99,Q-Learning,E30,"(37, 84)",46,11.0
99,Q-Learning,E32,"(75, 43)",46,24.0
99,Q-Learning,E33,"(88, 65)",45,12.0
99,Q-Learning,E34,"(14, 61)",37,28.0
99,Q-Learning,E35,"(13, 5)",42,15.0
99,Q-Learning,E36,"(56, 55)",42,11.0
99,Q-Learning,E37,"(97, 53)",35,21.0
99,Q-Learning,E38,"(76, 97)",33,17.0
99,Q-Learning,E39,"(39, 75)",34,11.0
99,Q-Learning,E40,"(38, 65)",38,29.0
99,Q-Learning,E42,"(96, 18)",38,29.0
99,Q-Learning,E43,"(24, 9)",24,11.0
99,Q-Learning,E44,"(20, 97)",22,19.0
99,Q-Learning,E45,"(90, 87)",27,15.0
99,Q-Learning,E46,"(98, 91)",23,14.0
99,Q-Learning,E47,"(70, 15)",13,28.0
99,Q-Learning,E48,"(40, 30)",12,18.0
99,Q-Learning,E49,"(96, 83)",11,28.0
99,Q-Learning,E50,"(32, 79)",15,10.0
99,Q-Learning,E51,"(58, 96)",11,12.0
99,Q-Learning,E52,"(88, 67)",12,25.0
99,Q-Learning,E53,"(37, 56)",5,25.0
99,Q-Learning,E54,"(56, 71)",4,10.0
