time_step,method,task_id,position,urgency,duration
0,Greedy,T1,"(38, 88)",1,22.0
0,Greedy,T2,"(48, 77)",3,14.0
0,Greedy,T3,"(31, 37)",9,10.0
0,Greedy,T4,"(9, 69)",8,22.0
0,Greedy,T5,"(91, 28)",9,11.0
0,Greedy,T6,"(34, 52)",5,26.0
0,Greedy,T7,"(0, 48)",4,19.0
0,Greedy,T8,"(26, 24)",4,30.0
0,Greedy,T9,"(94, 48)",8,29.0
0,Greedy,T10,"(60, 21)",10,10.0
0,Auction,T1,"(38, 88)",1,22.0
0,Auction,T2,"(48, 77)",3,14.0
0,Auction,T3,"(31, 37)",9,10.0
0,Auction,T4,"(9, 69)",8,22.0
0,Auction,T5,"(91, 28)",9,11.0
0,Auction,T6,"(34, 52)",5,26.0
0,Auction,T7,"(0, 48)",4,19.0
0,Auction,T8,"(26, 24)",4,30.0
0,Auction,T9,"(94, 48)",8,29.0
0,Auction,T10,"(60, 21)",10,10.0
0,Q-Learning,T1,"(38, 88)",1,22.0
0,Q-Learning,T2,"(48, 77)",3,14.0
0,Q-Learning,T3,"(31, 37)",9,10.0
0,Q-Learning,T4,"(9, 69)",8,22.0
0,Q-Learning,T5,"(91, 28)",9,11.0
0,Q-Learning,T6,"(34, 52)",5,26.0
0,Q-Learning,T7,"(0, 48)",4,19.0
0,Q-Learning,T8,"(26, 24)",4,30.0
0,Q-Learning,T9,"(94, 48)",8,29.0
0,Q-Learning,T10,"(60, 21)",10,10.0
1,Q-Learning,T1,"(38, 88)",2,22.0
1,Q-Learning,T2,"(48, 77)",4,14.0
1,Q-Learning,T3,"(31, 37)",10,10.0
1,Q-Learning,T4,"(9, 69)",9,22.0
1,Q-Learning,T5,"(91, 28)",10,11.0
1,Q-Learning,T6,"(34, 52)",6,26.0
1,Q-Learning,T7,"(0, 48)",5,19.0
1,Q-Learning,T9,"(94, 48)",9,29.0
2,Q-Learning,T1,"(38, 88)",3,22.0
2,Q-Learning,T2,"(48, 77)",5,14.0
2,Q-Learning,T4,"(9, 69)",10,22.0
2,Q-Learning,T6,"(34, 52)",7,26.0
2,Q-Learning,T7,"(0, 48)",6,19.0
2,Q-Learning,T9,"(94, 48)",10,29.0
3,Q-Learning,T1,"(38, 88)",4,22.0
3,Q-Learning,T2,"(48, 77)",6,14.0
3,Q-Learning,T6,"(34, 52)",8,26.0
3,Q-Learning,T7,"(0, 48)",7,19.0
4,Greedy,E1,"(71, 88)",7,28.0
4,Auction,E1,"(71, 88)",7,28.0
4,Q-Learning,T1,"(38, 88)",5,22.0
4,Q-Learning,T2,"(48, 77)",7,14.0
4,Q-Learning,T7,"(0, 48)",8,19.0
4,Q-Learning,E1,"(71, 88)",7,28.0
5,Greedy,E1,"(71, 88)",8,28.0
5,Auction,E1,"(71, 88)",8,28.0
5,Q-Learning,T1,"(38, 88)",6,22.0
5,Q-Learning,T2,"(48, 77)",8,14.0
5,Q-Learning,E1,"(71, 88)",8,28.0
6,Greedy,E1,"(71, 88)",9,28.0
6,Auction,E1,"(71, 88)",9,28.0
6,Q-Learning,T1,"(38, 88)",7,22.0
6,Q-Learning,E1,"(71, 88)",9,28.0
7,Greedy,E1,"(71, 88)",10,28.0
7,Greedy,E2,"(98, 5)",3,22.0
7,Auction,E1,"(71, 88)",10,28.0
7,Auction,E2,"(98, 5)",3,22.0
7,Q-Learning,T1,"(38, 88)",8,22.0
7,Q-Learning,E2,"(98, 5)",3,22.0
8,Greedy,E1,"(71, 88)",11,28.0
8,Greedy,E2,"(98, 5)",4,22.0
8,Auction,E1,"(71, 88)",11,28.0
8,Auction,E2,"(98, 5)",4,22.0
8,Q-Learning,T1,"(38, 88)",9,22.0
8,Q-Learning,E2,"(98, 5)",4,22.0
9,Greedy,E1,"(71, 88)",12,28.0
9,Greedy,E2,"(98, 5)",5,22.0
9,Greedy,E3,"(31, 71)",2,22.0
9,Auction,E1,"(71, 88)",12,28.0
9,Auction,E2,"(98, 5)",5,22.0
9,Auction,E3,"(31, 71)",2,22.0
9,Q-Learning,T1,"(38, 88)",10,22.0
9,Q-Learning,E2,"(98, 5)",5,22.0
9,Q-Learning,E3,"(31, 71)",2,22.0
10,Greedy,E1,"(71, 88)",13,28.0
10,Greedy,E2,"(98, 5)",6,22.0
10,Greedy,E3,"(31, 71)",3,22.0
10,Greedy,E4,"(92, 92)",2,29.0
10,Auction,E1,"(71, 88)",13,28.0
10,Auction,E2,"(98, 5)",6,22.0
10,Auction,E3,"(31, 71)",3,22.0
10,Auction,E4,"(92, 92)",2,29.0
10,Q-Learning,T1,"(38, 88)",11,22.0
10,Q-Learning,E2,"(98, 5)",6,22.0
10,Q-Learning,E3,"(31, 71)",3,22.0
10,Q-Learning,E4,"(92, 92)",2,29.0
11,Greedy,E1,"(71, 88)",14,28.0
11,Greedy,E2,"(98, 5)",7,22.0
11,Greedy,E3,"(31, 71)",4,22.0
11,Greedy,E4,"(92, 92)",3,29.0
11,Greedy,E5,"(55, 60)",1,19.0
11,Auction,E1,"(71, 88)",14,28.0
11,Auction,E2,"(98, 5)",7,22.0
11,Auction,E3,"(31, 71)",4,22.0
11,Auction,E4,"(92, 92)",3,29.0
11,Auction,E5,"(55, 60)",1,19.0
11,Q-Learning,T1,"(38, 88)",12,22.0
11,Q-Learning,E2,"(98, 5)",7,22.0
11,Q-Learning,E3,"(31, 71)",4,22.0
11,Q-Learning,E4,"(92, 92)",3,29.0
11,Q-Learning,E5,"(55, 60)",1,19.0
12,Greedy,E1,"(71, 88)",15,28.0
12,Greedy,E2,"(98, 5)",8,22.0
12,Greedy,E3,"(31, 71)",5,22.0
12,Greedy,E4,"(92, 92)",4,29.0
12,Greedy,E5,"(55, 60)",2,19.0
12,Auction,E1,"(71, 88)",15,28.0
12,Auction,E2,"(98, 5)",8,22.0
12,Auction,E3,"(31, 71)",5,22.0
12,Auction,E4,"(92, 92)",4,29.0
12,Auction,E5,"(55, 60)",2,19.0
12,Q-Learning,T1,"(38, 88)",13,22.0
12,Q-Learning,E2,"(98, 5)",8,22.0
12,Q-Learning,E3,"(31, 71)",5,22.0
12,Q-Learning,E4,"(92, 92)",4,29.0
12,Q-Learning,E5,"(55, 60)",2,19.0
13,Greedy,E2,"(98, 5)",9,22.0
13,Greedy,E3,"(31, 71)",6,22.0
13,Greedy,E4,"(92, 92)",5,29.0
13,Greedy,E5,"(55, 60)",3,19.0
13,Greedy,E6,"(12, 89)",3,23.0
13,Auction,E2,"(98, 5)",9,22.0
13,Auction,E3,"(31, 71)",6,22.0
13,Auction,E4,"(92, 92)",5,29.0
13,Auction,E5,"(55, 60)",3,19.0
13,Auction,E6,"(12, 89)",3,23.0
13,Q-Learning,T1,"(38, 88)",14,22.0
13,Q-Learning,E2,"(98, 5)",9,22.0
13,Q-Learning,E3,"(31, 71)",6,22.0
13,Q-Learning,E4,"(92, 92)",5,29.0
13,Q-Learning,E5,"(55, 60)",3,19.0
13,Q-Learning,E6,"(12, 89)",3,23.0
14,Greedy,E3,"(31, 71)",7,22.0
14,Greedy,E4,"(92, 92)",6,29.0
14,Greedy,E5,"(55, 60)",4,19.0
14,Greedy,E6,"(12, 89)",4,23.0
14,Greedy,E7,"(24, 52)",4,20.0
14,Auction,E3,"(31, 71)",7,22.0
14,Auction,E4,"(92, 92)",6,29.0
14,Auction,E5,"(55, 60)",4,19.0
14,Auction,E6,"(12, 89)",4,23.0
14,Auction,E7,"(24, 52)",4,20.0
14,Q-Learning,E2,"(98, 5)",10,22.0
14,Q-Learning,E3,"(31, 71)",7,22.0
14,Q-Learning,E4,"(92, 92)",6,29.0
14,Q-Learning,E5,"(55, 60)",4,19.0
14,Q-Learning,E6,"(12, 89)",4,23.0
14,Q-Learning,E7,"(24, 52)",4,20.0
15,Greedy,E4,"(92, 92)",7,29.0
15,Greedy,E5,"(55, 60)",5,19.0
15,Greedy,E6,"(12, 89)",5,23.0
15,Greedy,E7,"(24, 52)",5,20.0
15,Auction,E3,"(31, 71)",8,22.0
15,Auction,E4,"(92, 92)",7,29.0
15,Auction,E5,"(55, 60)",5,19.0
15,Auction,E6,"(12, 89)",5,23.0
15,Auction,E7,"(24, 52)",5,20.0
15,Q-Learning,E3,"(31, 71)",8,22.0
15,Q-Learning,E4,"(92, 92)",7,29.0
15,Q-Learning,E5,"(55, 60)",5,19.0
15,Q-Learning,E6,"(12, 89)",5,23.0
15,Q-Learning,E7,"(24, 52)",5,20.0
16,Greedy,E4,"(92, 92)",8,29.0
16,Greedy,E5,"(55, 60)",6,19.0
16,Greedy,E6,"(12, 89)",6,23.0
16,Greedy,E7,"(24, 52)",6,20.0
16,Greedy,E8,"(57, 43)",1,29.0
16,Auction,E3,"(31, 71)",9,22.0
16,Auction,E4,"(92, 92)",8,29.0
16,Auction,E5,"(55, 60)",6,19.0
16,Auction,E6,"(12, 89)",6,23.0
16,Auction,E7,"(24, 52)",6,20.0
16,Auction,E8,"(57, 43)",1,29.0
16,Q-Learning,E3,"(31, 71)",9,22.0
16,Q-Learning,E4,"(92, 92)",8,29.0
16,Q-Learning,E5,"(55, 60)",6,19.0
16,Q-Learning,E6,"(12, 89)",6,23.0
16,Q-Learning,E7,"(24, 52)",6,20.0
16,Q-Learning,E8,"(57, 43)",1,29.0
17,Greedy,E5,"(55, 60)",7,19.0
17,Greedy,E6,"(12, 89)",7,23.0
17,Greedy,E7,"(24, 52)",7,20.0
17,Greedy,E8,"(57, 43)",2,29.0
17,Auction,E3,"(31, 71)",10,22.0
17,Auction,E4,"(92, 92)",9,29.0
17,Auction,E5,"(55, 60)",7,19.0
17,Auction,E6,"(12, 89)",7,23.0
17,Auction,E7,"(24, 52)",7,20.0
17,Auction,E8,"(57, 43)",2,29.0
17,Q-Learning,E3,"(31, 71)",10,22.0
17,Q-Learning,E4,"(92, 92)",9,29.0
17,Q-Learning,E5,"(55, 60)",7,19.0
17,Q-Learning,E6,"(12, 89)",7,23.0
17,Q-Learning,E7,"(24, 52)",7,20.0
17,Q-Learning,E8,"(57, 43)",2,29.0
18,Greedy,E5,"(55, 60)",8,19.0
18,Greedy,E6,"(12, 89)",8,23.0
18,Greedy,E7,"(24, 52)",8,20.0
18,Greedy,E8,"(57, 43)",3,29.0
18,Greedy,E9,"(65, 18)",4,27.0
18,Auction,E3,"(31, 71)",11,22.0
18,Auction,E4,"(92, 92)",10,29.0
18,Auction,E5,"(55, 60)",8,19.0
18,Auction,E6,"(12, 89)",8,23.0
18,Auction,E7,"(24, 52)",8,20.0
18,Auction,E8,"(57, 43)",3,29.0
18,Auction,E9,"(65, 18)",4,27.0
18,Q-Learning,E3,"(31, 71)",11,22.0
18,Q-Learning,E4,"(92, 92)",10,29.0
18,Q-Learning,E5,"(55, 60)",8,19.0
18,Q-Learning,E6,"(12, 89)",8,23.0
18,Q-Learning,E7,"(24, 52)",8,20.0
18,Q-Learning,E8,"(57, 43)",3,29.0
18,Q-Learning,E9,"(65, 18)",4,27.0
19,Greedy,E5,"(55, 60)",9,19.0
19,Greedy,E6,"(12, 89)",9,23.0
19,Greedy,E7,"(24, 52)",9,20.0
19,Greedy,E8,"(57, 43)",4,29.0
19,Greedy,E9,"(65, 18)",5,27.0
19,Greedy,E10,"(23, 72)",9,17.0
19,Auction,E3,"(31, 71)",12,22.0
19,Auction,E4,"(92, 92)",11,29.0
19,Auction,E5,"(55, 60)",9,19.0
19,Auction,E6,"(12, 89)",9,23.0
19,Auction,E7,"(24, 52)",9,20.0
19,Auction,E8,"(57, 43)",4,29.0
19,Q-Learning,E3,"(31, 71)",12,22.0
19,Q-Learning,E4,"(92, 92)",11,29.0
19,Q-Learning,E5,"(55, 60)",9,19.0
19,Q-Learning,E6,"(12, 89)",9,23.0
19,Q-Learning,E7,"(24, 52)",9,20.0
19,Q-Learning,E8,"(57, 43)",4,29.0
19,Q-Learning,E9,"(65, 18)",5,27.0
19,Q-Learning,E10,"(23, 72)",9,17.0
20,Greedy,E5,"(55, 60)",10,19.0
20,Greedy,E6,"(12, 89)",10,23.0
20,Greedy,E7,"(24, 52)",10,20.0
20,Greedy,E8,"(57, 43)",5,29.0
20,Greedy,E9,"(65, 18)",6,27.0
20,Greedy,E10,"(23, 72)",10,17.0
20,Greedy,E11,"(14, 86)",5,22.0
20,Auction,E3,"(31, 71)",13,22.0
20,Auction,E4,"(92, 92)",12,29.0
20,Auction,E5,"(55, 60)",10,19.0
20,Auction,E6,"(12, 89)",10,23.0
20,Auction,E7,"(24, 52)",10,20.0
20,Auction,E8,"(57, 43)",5,29.0
20,Auction,E11,"(14, 86)",5,22.0
20,Q-Learning,E3,"(31, 71)",13,22.0
20,Q-Learning,E4,"(92, 92)",12,29.0
20,Q-Learning,E5,"(55, 60)",10,19.0
20,Q-Learning,E6,"(12, 89)",10,23.0
20,Q-Learning,E7,"(24, 52)",10,20.0
20,Q-Learning,E8,"(57, 43)",5,29.0
20,Q-Learning,E9,"(65, 18)",6,27.0
20,Q-Learning,E10,"(23, 72)",10,17.0
20,Q-Learning,E11,"(14, 86)",5,22.0
21,Greedy,E5,"(55, 60)",11,19.0
21,Greedy,E6,"(12, 89)",11,23.0
21,Greedy,E7,"(24, 52)",11,20.0
21,Greedy,E8,"(57, 43)",6,29.0
21,Greedy,E9,"(65, 18)",7,27.0
21,Greedy,E10,"(23, 72)",11,17.0
21,Greedy,E11,"(14, 86)",6,22.0
21,Greedy,E12,"(25, 6)",8,18.0
21,Auction,E3,"(31, 71)",14,22.0
21,Auction,E4,"(92, 92)",13,29.0
21,Auction,E5,"(55, 60)",11,19.0
21,Auction,E6,"(12, 89)",11,23.0
21,Auction,E7,"(24, 52)",11,20.0
21,Auction,E8,"(57, 43)",6,29.0
21,Auction,E11,"(14, 86)",6,22.0
21,Auction,E12,"(25, 6)",8,18.0
21,Q-Learning,E4,"(92, 92)",13,29.0
21,Q-Learning,E5,"(55, 60)",11,19.0
21,Q-Learning,E6,"(12, 89)",11,23.0
21,Q-Learning,E7,"(24, 52)",11,20.0
21,Q-Learning,E8,"(57, 43)",6,29.0
21,Q-Learning,E9,"(65, 18)",7,27.0
21,Q-Learning,E10,"(23, 72)",11,17.0
21,Q-Learning,E11,"(14, 86)",6,22.0
21,Q-Learning,E12,"(25, 6)",8,18.0
22,Greedy,E5,"(55, 60)",12,19.0
22,Greedy,E6,"(12, 89)",12,23.0
22,Greedy,E7,"(24, 52)",12,20.0
22,Greedy,E8,"(57, 43)",7,29.0
22,Greedy,E9,"(65, 18)",8,27.0
22,Greedy,E10,"(23, 72)",12,17.0
22,Greedy,E11,"(14, 86)",7,22.0
22,Greedy,E12,"(25, 6)",9,18.0
22,Auction,E3,"(31, 71)",15,22.0
22,Auction,E4,"(92, 92)",14,29.0
22,Auction,E5,"(55, 60)",12,19.0
22,Auction,E6,"(12, 89)",12,23.0
22,Auction,E7,"(24, 52)",12,20.0
22,Auction,E8,"(57, 43)",7,29.0
22,Auction,E11,"(14, 86)",7,22.0
22,Auction,E12,"(25, 6)",9,18.0
22,Q-Learning,E4,"(92, 92)",14,29.0
22,Q-Learning,E6,"(12, 89)",12,23.0
22,Q-Learning,E7,"(24, 52)",12,20.0
22,Q-Learning,E8,"(57, 43)",7,29.0
22,Q-Learning,E9,"(65, 18)",8,27.0
22,Q-Learning,E10,"(23, 72)",12,17.0
22,Q-Learning,E11,"(14, 86)",7,22.0
22,Q-Learning,E12,"(25, 6)",9,18.0
23,Greedy,E5,"(55, 60)",13,19.0
23,Greedy,E6,"(12, 89)",13,23.0
23,Greedy,E7,"(24, 52)",13,20.0
23,Greedy,E8,"(57, 43)",8,29.0
23,Greedy,E9,"(65, 18)",9,27.0
23,Greedy,E10,"(23, 72)",13,17.0
23,Greedy,E11,"(14, 86)",8,22.0
23,Greedy,E12,"(25, 6)",10,18.0
23,Greedy,E13,"(35, 44)",10,15.0
23,Auction,E3,"(31, 71)",16,22.0
23,Auction,E4,"(92, 92)",15,29.0
23,Auction,E5,"(55, 60)",13,19.0
23,Auction,E6,"(12, 89)",13,23.0
23,Auction,E7,"(24, 52)",13,20.0
23,Auction,E8,"(57, 43)",8,29.0
23,Auction,E11,"(14, 86)",8,22.0
23,Auction,E12,"(25, 6)",10,18.0
23,Auction,E13,"(35, 44)",10,15.0
23,Q-Learning,E4,"(92, 92)",15,29.0
23,Q-Learning,E6,"(12, 89)",13,23.0
23,Q-Learning,E7,"(24, 52)",13,20.0
23,Q-Learning,E8,"(57, 43)",8,29.0
23,Q-Learning,E9,"(65, 18)",9,27.0
23,Q-Learning,E10,"(23, 72)",13,17.0
23,Q-Learning,E11,"(14, 86)",8,22.0
23,Q-Learning,E12,"(25, 6)",10,18.0
23,Q-Learning,E13,"(35, 44)",10,15.0
24,Greedy,E6,"(12, 89)",14,23.0
24,Greedy,E7,"(24, 52)",14,20.0
24,Greedy,E8,"(57, 43)",9,29.0
24,Greedy,E9,"(65, 18)",10,27.0
24,Greedy,E10,"(23, 72)",14,17.0
24,Greedy,E11,"(14, 86)",9,22.0
24,Greedy,E12,"(25, 6)",11,18.0
24,Greedy,E13,"(35, 44)",11,15.0
24,Auction,E3,"(31, 71)",17,22.0
24,Auction,E4,"(92, 92)",16,29.0
24,Auction,E5,"(55, 60)",14,19.0
24,Auction,E6,"(12, 89)",14,23.0
24,Auction,E7,"(24, 52)",14,20.0
24,Auction,E8,"(57, 43)",9,29.0
24,Auction,E11,"(14, 86)",9,22.0
24,Auction,E12,"(25, 6)",11,18.0
24,Auction,E13,"(35, 44)",11,15.0
24,Q-Learning,E4,"(92, 92)",16,29.0
24,Q-Learning,E6,"(12, 89)",14,23.0
24,Q-Learning,E7,"(24, 52)",14,20.0
24,Q-Learning,E8,"(57, 43)",9,29.0
24,Q-Learning,E9,"(65, 18)",10,27.0
24,Q-Learning,E10,"(23, 72)",14,17.0
24,Q-Learning,E11,"(14, 86)",9,22.0
24,Q-Learning,E12,"(25, 6)",11,18.0
24,Q-Learning,E13,"(35, 44)",11,15.0
25,Greedy,E7,"(24, 52)",15,20.0
25,Greedy,E8,"(57, 43)",10,29.0
25,Greedy,E9,"(65, 18)",11,27.0
25,Greedy,E10,"(23, 72)",15,17.0
25,Greedy,E11,"(14, 86)",10,22.0
25,Greedy,E12,"(25, 6)",12,18.0
25,Greedy,E13,"(35, 44)",12,15.0
25,Auction,E4,"(92, 92)",17,29.0
25,Auction,E5,"(55, 60)",15,19.0
25,Auction,E6,"(12, 89)",15,23.0
25,Auction,E7,"(24, 52)",15,20.0
25,Auction,E8,"(57, 43)",10,29.0
25,Auction,E11,"(14, 86)",10,22.0
25,Auction,E12,"(25, 6)",12,18.0
25,Auction,E13,"(35, 44)",12,15.0
25,Q-Learning,E4,"(92, 92)",17,29.0
25,Q-Learning,E6,"(12, 89)",15,23.0
25,Q-Learning,E7,"(24, 52)",15,20.0
25,Q-Learning,E8,"(57, 43)",10,29.0
25,Q-Learning,E9,"(65, 18)",11,27.0
25,Q-Learning,E10,"(23, 72)",15,17.0
25,Q-Learning,E11,"(14, 86)",10,22.0
25,Q-Learning,E12,"(25, 6)",12,18.0
25,Q-Learning,E13,"(35, 44)",12,15.0
26,Greedy,E7,"(24, 52)",16,20.0
26,Greedy,E8,"(57, 43)",11,29.0
26,Greedy,E9,"(65, 18)",12,27.0
26,Greedy,E10,"(23, 72)",16,17.0
26,Greedy,E11,"(14, 86)",11,22.0
26,Greedy,E12,"(25, 6)",13,18.0
26,Greedy,E13,"(35, 44)",13,15.0
26,Greedy,E14,"(68, 26)",9,12.0
26,Auction,E4,"(92, 92)",18,29.0
26,Auction,E5,"(55, 60)",16,19.0
26,Auction,E6,"(12, 89)",16,23.0
26,Auction,E7,"(24, 52)",16,20.0
26,Auction,E8,"(57, 43)",11,29.0
26,Auction,E11,"(14, 86)",11,22.0
26,Auction,E12,"(25, 6)",13,18.0
26,Auction,E13,"(35, 44)",13,15.0
26,Auction,E14,"(68, 26)",9,12.0
26,Q-Learning,E4,"(92, 92)",18,29.0
26,Q-Learning,E6,"(12, 89)",16,23.0
26,Q-Learning,E7,"(24, 52)",16,20.0
26,Q-Learning,E8,"(57, 43)",11,29.0
26,Q-Learning,E9,"(65, 18)",12,27.0
26,Q-Learning,E10,"(23, 72)",16,17.0
26,Q-Learning,E11,"(14, 86)",11,22.0
26,Q-Learning,E12,"(25, 6)",13,18.0
26,Q-Learning,E13,"(35, 44)",13,15.0
26,Q-Learning,E14,"(68, 26)",9,12.0
27,Greedy,E7,"(24, 52)",17,20.0
27,Greedy,E8,"(57, 43)",12,29.0
27,Greedy,E9,"(65, 18)",13,27.0
27,Greedy,E10,"(23, 72)",17,17.0
27,Greedy,E11,"(14, 86)",12,22.0
27,Greedy,E12,"(25, 6)",14,18.0
27,Greedy,E13,"(35, 44)",14,15.0
27,Greedy,E14,"(68, 26)",10,12.0
27,Greedy,E15,"(82, 38)",1,16.0
27,Auction,E4,"(92, 92)",19,29.0
27,Auction,E5,"(55, 60)",17,19.0
27,Auction,E6,"(12, 89)",17,23.0
27,Auction,E7,"(24, 52)",17,20.0
27,Auction,E8,"(57, 43)",12,29.0
27,Auction,E11,"(14, 86)",12,22.0
27,Auction,E12,"(25, 6)",14,18.0
27,Auction,E14,"(68, 26)",10,12.0
27,Auction,E15,"(82, 38)",1,16.0
27,Q-Learning,E6,"(12, 89)",17,23.0
27,Q-Learning,E7,"(24, 52)",17,20.0
27,Q-Learning,E8,"(57, 43)",12,29.0
27,Q-Learning,E9,"(65, 18)",13,27.0
27,Q-Learning,E10,"(23, 72)",17,17.0
27,Q-Learning,E11,"(14, 86)",12,22.0
27,Q-Learning,E12,"(25, 6)",14,18.0
27,Q-Learning,E13,"(35, 44)",14,15.0
27,Q-Learning,E14,"(68, 26)",10,12.0
27,Q-Learning,E15,"(82, 38)",1,16.0
28,Greedy,E7,"(24, 52)",18,20.0
28,Greedy,E8,"(57, 43)",13,29.0
28,Greedy,E9,"(65, 18)",14,27.0
28,Greedy,E10,"(23, 72)",18,17.0
28,Greedy,E11,"(14, 86)",13,22.0
28,Greedy,E12,"(25, 6)",15,18.0
28,Greedy,E13,"(35, 44)",15,15.0
28,Greedy,E14,"(68, 26)",11,12.0
28,Greedy,E15,"(82, 38)",2,16.0
28,Auction,E4,"(92, 92)",20,29.0
28,Auction,E5,"(55, 60)",18,19.0
28,Auction,E6,"(12, 89)",18,23.0
28,Auction,E7,"(24, 52)",18,20.0
28,Auction,E8,"(57, 43)",13,29.0
28,Auction,E11,"(14, 86)",13,22.0
28,Auction,E12,"(25, 6)",15,18.0
28,Auction,E14,"(68, 26)",11,12.0
28,Auction,E15,"(82, 38)",2,16.0
28,Q-Learning,E6,"(12, 89)",18,23.0
28,Q-Learning,E8,"(57, 43)",13,29.0
28,Q-Learning,E9,"(65, 18)",14,27.0
28,Q-Learning,E10,"(23, 72)",18,17.0
28,Q-Learning,E11,"(14, 86)",13,22.0
28,Q-Learning,E12,"(25, 6)",15,18.0
28,Q-Learning,E13,"(35, 44)",15,15.0
28,Q-Learning,E14,"(68, 26)",11,12.0
28,Q-Learning,E15,"(82, 38)",2,16.0
29,Greedy,E8,"(57, 43)",14,29.0
29,Greedy,E9,"(65, 18)",15,27.0
29,Greedy,E10,"(23, 72)",19,17.0
29,Greedy,E11,"(14, 86)",14,22.0
29,Greedy,E12,"(25, 6)",16,18.0
29,Greedy,E13,"(35, 44)",16,15.0
29,Greedy,E14,"(68, 26)",12,12.0
29,Greedy,E15,"(82, 38)",3,16.0
29,Auction,E4,"(92, 92)",21,29.0
29,Auction,E5,"(55, 60)",19,19.0
29,Auction,E6,"(12, 89)",19,23.0
29,Auction,E8,"(57, 43)",14,29.0
29,Auction,E11,"(14, 86)",14,22.0
29,Auction,E12,"(25, 6)",16,18.0
29,Auction,E14,"(68, 26)",12,12.0
29,Auction,E15,"(82, 38)",3,16.0
29,Q-Learning,E6,"(12, 89)",19,23.0
29,Q-Learning,E8,"(57, 43)",14,29.0
29,Q-Learning,E9,"(65, 18)",15,27.0
29,Q-Learning,E10,"(23, 72)",19,17.0
29,Q-Learning,E11,"(14, 86)",14,22.0
29,Q-Learning,E12,"(25, 6)",16,18.0
29,Q-Learning,E13,"(35, 44)",16,15.0
29,Q-Learning,E14,"(68, 26)",12,12.0
29,Q-Learning,E15,"(82, 38)",3,16.0
30,Greedy,E8,"(57, 43)",15,29.0
30,Greedy,E9,"(65, 18)",16,27.0
30,Greedy,E11,"(14, 86)",15,22.0
30,Greedy,E12,"(25, 6)",17,18.0
30,Greedy,E13,"(35, 44)",17,15.0
30,Greedy,E14,"(68, 26)",13,12.0
30,Greedy,E15,"(82, 38)",4,16.0
30,Greedy,E16,"(52, 50)",3,22.0
30,Auction,E4,"(92, 92)",22,29.0
30,Auction,E5,"(55, 60)",20,19.0
30,Auction,E6,"(12, 89)",20,23.0
30,Auction,E8,"(57, 43)",15,29.0
30,Auction,E11,"(14, 86)",15,22.0
30,Auction,E12,"(25, 6)",17,18.0
30,Auction,E14,"(68, 26)",13,12.0
30,Auction,E15,"(82, 38)",4,16.0
30,Auction,E16,"(52, 50)",3,22.0
30,Q-Learning,E6,"(12, 89)",20,23.0
30,Q-Learning,E8,"(57, 43)",15,29.0
30,Q-Learning,E9,"(65, 18)",16,27.0
30,Q-Learning,E10,"(23, 72)",20,17.0
30,Q-Learning,E11,"(14, 86)",15,22.0
30,Q-Learning,E12,"(25, 6)",17,18.0
30,Q-Learning,E13,"(35, 44)",17,15.0
30,Q-Learning,E14,"(68, 26)",13,12.0
30,Q-Learning,E15,"(82, 38)",4,16.0
30,Q-Learning,E16,"(52, 50)",3,22.0
31,Greedy,E8,"(57, 43)",16,29.0
31,Greedy,E9,"(65, 18)",17,27.0
31,Greedy,E11,"(14, 86)",16,22.0
31,Greedy,E12,"(25, 6)",18,18.0
31,Greedy,E13,"(35, 44)",18,15.0
31,Greedy,E14,"(68, 26)",14,12.0
31,Greedy,E15,"(82, 38)",5,16.0
31,Greedy,E16,"(52, 50)",4,22.0
31,Greedy,E17,"(10, 77)",5,28.0
31,Auction,E4,"(92, 92)",23,29.0
31,Auction,E5,"(55, 60)",21,19.0
31,Auction,E8,"(57, 43)",16,29.0
31,Auction,E11,"(14, 86)",16,22.0
31,Auction,E12,"(25, 6)",18,18.0
31,Auction,E14,"(68, 26)",14,12.0
31,Auction,E15,"(82, 38)",5,16.0
31,Auction,E16,"(52, 50)",4,22.0
31,Auction,E17,"(10, 77)",5,28.0
31,Q-Learning,E6,"(12, 89)",21,23.0
31,Q-Learning,E8,"(57, 43)",16,29.0
31,Q-Learning,E9,"(65, 18)",17,27.0
31,Q-Learning,E10,"(23, 72)",21,17.0
31,Q-Learning,E11,"(14, 86)",16,22.0
31,Q-Learning,E12,"(25, 6)",18,18.0
31,Q-Learning,E13,"(35, 44)",18,15.0
31,Q-Learning,E14,"(68, 26)",14,12.0
31,Q-Learning,E15,"(82, 38)",5,16.0
31,Q-Learning,E16,"(52, 50)",4,22.0
31,Q-Learning,E17,"(10, 77)",5,28.0
32,Greedy,E8,"(57, 43)",17,29.0
32,Greedy,E9,"(65, 18)",18,27.0
32,Greedy,E11,"(14, 86)",17,22.0
32,Greedy,E12,"(25, 6)",19,18.0
32,Greedy,E13,"(35, 44)",19,15.0
32,Greedy,E14,"(68, 26)",15,12.0
32,Greedy,E15,"(82, 38)",6,16.0
32,Greedy,E16,"(52, 50)",5,22.0
32,Greedy,E17,"(10, 77)",6,28.0
32,Greedy,E18,"(100, 4)",5,18.0
32,Auction,E4,"(92, 92)",24,29.0
32,Auction,E5,"(55, 60)",22,19.0
32,Auction,E8,"(57, 43)",17,29.0
32,Auction,E11,"(14, 86)",17,22.0
32,Auction,E12,"(25, 6)",19,18.0
32,Auction,E14,"(68, 26)",15,12.0
32,Auction,E15,"(82, 38)",6,16.0
32,Auction,E16,"(52, 50)",5,22.0
32,Auction,E17,"(10, 77)",6,28.0
32,Auction,E18,"(100, 4)",5,18.0
32,Q-Learning,E6,"(12, 89)",22,23.0
32,Q-Learning,E8,"(57, 43)",17,29.0
32,Q-Learning,E9,"(65, 18)",18,27.0
32,Q-Learning,E10,"(23, 72)",22,17.0
32,Q-Learning,E11,"(14, 86)",17,22.0
32,Q-Learning,E13,"(35, 44)",19,15.0
32,Q-Learning,E14,"(68, 26)",15,12.0
32,Q-Learning,E15,"(82, 38)",6,16.0
32,Q-Learning,E16,"(52, 50)",5,22.0
32,Q-Learning,E17,"(10, 77)",6,28.0
32,Q-Learning,E18,"(100, 4)",5,18.0
33,Greedy,E8,"(57, 43)",18,29.0
33,Greedy,E9,"(65, 18)",19,27.0
33,Greedy,E11,"(14, 86)",18,22.0
33,Greedy,E12,"(25, 6)",20,18.0
33,Greedy,E13,"(35, 44)",20,15.0
33,Greedy,E14,"(68, 26)",16,12.0
33,Greedy,E15,"(82, 38)",7,16.0
33,Greedy,E16,"(52, 50)",6,22.0
33,Greedy,E17,"(10, 77)",7,28.0
33,Greedy,E18,"(100, 4)",6,18.0
33,Auction,E4,"(92, 92)",25,29.0
33,Auction,E5,"(55, 60)",23,19.0
33,Auction,E8,"(57, 43)",18,29.0
33,Auction,E11,"(14, 86)",18,22.0
33,Auction,E12,"(25, 6)",20,18.0
33,Auction,E14,"(68, 26)",16,12.0
33,Auction,E15,"(82, 38)",7,16.0
33,Auction,E16,"(52, 50)",6,22.0
33,Auction,E17,"(10, 77)",7,28.0
33,Auction,E18,"(100, 4)",6,18.0
33,Q-Learning,E6,"(12, 89)",23,23.0
33,Q-Learning,E8,"(57, 43)",18,29.0
33,Q-Learning,E9,"(65, 18)",19,27.0
33,Q-Learning,E10,"(23, 72)",23,17.0
33,Q-Learning,E11,"(14, 86)",18,22.0
33,Q-Learning,E13,"(35, 44)",20,15.0
33,Q-Learning,E14,"(68, 26)",16,12.0
33,Q-Learning,E15,"(82, 38)",7,16.0
33,Q-Learning,E16,"(52, 50)",6,22.0
33,Q-Learning,E17,"(10, 77)",7,28.0
33,Q-Learning,E18,"(100, 4)",6,18.0
34,Greedy,E8,"(57, 43)",19,29.0
34,Greedy,E9,"(65, 18)",20,27.0
34,Greedy,E11,"(14, 86)",19,22.0
34,Greedy,E12,"(25, 6)",21,18.0
34,Greedy,E13,"(35, 44)",21,15.0
34,Greedy,E14,"(68, 26)",17,12.0
34,Greedy,E15,"(82, 38)",8,16.0
34,Greedy,E16,"(52, 50)",7,22.0
34,Greedy,E17,"(10, 77)",8,28.0
34,Greedy,E18,"(100, 4)",7,18.0
34,Greedy,E19,"(6, 25)",5,16.0
34,Auction,E4,"(92, 92)",26,29.0
34,Auction,E5,"(55, 60)",24,19.0
34,Auction,E8,"(57, 43)",19,29.0
34,Auction,E11,"(14, 86)",19,22.0
34,Auction,E12,"(25, 6)",21,18.0
34,Auction,E14,"(68, 26)",17,12.0
34,Auction,E15,"(82, 38)",8,16.0
34,Auction,E16,"(52, 50)",7,22.0
34,Auction,E17,"(10, 77)",8,28.0
34,Auction,E18,"(100, 4)",7,18.0
34,Auction,E19,"(6, 25)",5,16.0
34,Q-Learning,E6,"(12, 89)",24,23.0
34,Q-Learning,E8,"(57, 43)",19,29.0
34,Q-Learning,E9,"(65, 18)",20,27.0
34,Q-Learning,E10,"(23, 72)",24,17.0
34,Q-Learning,E11,"(14, 86)",19,22.0
34,Q-Learning,E13,"(35, 44)",21,15.0
34,Q-Learning,E14,"(68, 26)",17,12.0
34,Q-Learning,E15,"(82, 38)",8,16.0
34,Q-Learning,E16,"(52, 50)",7,22.0
34,Q-Learning,E17,"(10, 77)",8,28.0
34,Q-Learning,E18,"(100, 4)",7,18.0
34,Q-Learning,E19,"(6, 25)",5,16.0
35,Greedy,E8,"(57, 43)",20,29.0
35,Greedy,E9,"(65, 18)",21,27.0
35,Greedy,E11,"(14, 86)",20,22.0
35,Greedy,E14,"(68, 26)",18,12.0
35,Greedy,E15,"(82, 38)",9,16.0
35,Greedy,E16,"(52, 50)",8,22.0
35,Greedy,E17,"(10, 77)",9,28.0
35,Greedy,E18,"(100, 4)",8,18.0
35,Greedy,E19,"(6, 25)",6,16.0
35,Auction,E4,"(92, 92)",27,29.0
35,Auction,E11,"(14, 86)",20,22.0
35,Auction,E12,"(25, 6)",22,18.0
35,Auction,E14,"(68, 26)",18,12.0
35,Auction,E15,"(82, 38)",9,16.0
35,Auction,E16,"(52, 50)",8,22.0
35,Auction,E17,"(10, 77)",9,28.0
35,Auction,E18,"(100, 4)",8,18.0
35,Auction,E19,"(6, 25)",6,16.0
35,Q-Learning,E6,"(12, 89)",25,23.0
35,Q-Learning,E8,"(57, 43)",20,29.0
35,Q-Learning,E9,"(65, 18)",21,27.0
35,Q-Learning,E11,"(14, 86)",20,22.0
35,Q-Learning,E13,"(35, 44)",22,15.0
35,Q-Learning,E14,"(68, 26)",18,12.0
35,Q-Learning,E15,"(82, 38)",9,16.0
35,Q-Learning,E16,"(52, 50)",8,22.0
35,Q-Learning,E17,"(10, 77)",9,28.0
35,Q-Learning,E18,"(100, 4)",8,18.0
35,Q-Learning,E19,"(6, 25)",6,16.0
36,Greedy,E8,"(57, 43)",21,29.0
36,Greedy,E9,"(65, 18)",22,27.0
36,Greedy,E11,"(14, 86)",21,22.0
36,Greedy,E14,"(68, 26)",19,12.0
36,Greedy,E15,"(82, 38)",10,16.0
36,Greedy,E16,"(52, 50)",9,22.0
36,Greedy,E17,"(10, 77)",10,28.0
36,Greedy,E18,"(100, 4)",9,18.0
36,Greedy,E19,"(6, 25)",7,16.0
36,Auction,E4,"(92, 92)",28,29.0
36,Auction,E11,"(14, 86)",21,22.0
36,Auction,E12,"(25, 6)",23,18.0
36,Auction,E14,"(68, 26)",19,12.0
36,Auction,E15,"(82, 38)",10,16.0
36,Auction,E16,"(52, 50)",9,22.0
36,Auction,E17,"(10, 77)",10,28.0
36,Auction,E18,"(100, 4)",9,18.0
36,Auction,E19,"(6, 25)",7,16.0
36,Q-Learning,E6,"(12, 89)",26,23.0
36,Q-Learning,E8,"(57, 43)",21,29.0
36,Q-Learning,E9,"(65, 18)",22,27.0
36,Q-Learning,E11,"(14, 86)",21,22.0
36,Q-Learning,E13,"(35, 44)",23,15.0
36,Q-Learning,E14,"(68, 26)",19,12.0
36,Q-Learning,E15,"(82, 38)",10,16.0
36,Q-Learning,E16,"(52, 50)",9,22.0
36,Q-Learning,E17,"(10, 77)",10,28.0
36,Q-Learning,E18,"(100, 4)",9,18.0
36,Q-Learning,E19,"(6, 25)",7,16.0
37,Greedy,E8,"(57, 43)",22,29.0
37,Greedy,E9,"(65, 18)",23,27.0
37,Greedy,E11,"(14, 86)",22,22.0
37,Greedy,E14,"(68, 26)",20,12.0
37,Greedy,E15,"(82, 38)",11,16.0
37,Greedy,E16,"(52, 50)",10,22.0
37,Greedy,E17,"(10, 77)",11,28.0
37,Greedy,E18,"(100, 4)",10,18.0
37,Greedy,E19,"(6, 25)",8,16.0
37,Greedy,E20,"(44, 4)",4,20.0
37,Auction,E4,"(92, 92)",29,29.0
37,Auction,E11,"(14, 86)",22,22.0
37,Auction,E12,"(25, 6)",24,18.0
37,Auction,E14,"(68, 26)",20,12.0
37,Auction,E15,"(82, 38)",11,16.0
37,Auction,E16,"(52, 50)",10,22.0
37,Auction,E17,"(10, 77)",11,28.0
37,Auction,E18,"(100, 4)",10,18.0
37,Auction,E19,"(6, 25)",8,16.0
37,Auction,E20,"(44, 4)",4,20.0
37,Q-Learning,E8,"(57, 43)",22,29.0
37,Q-Learning,E9,"(65, 18)",23,27.0
37,Q-Learning,E11,"(14, 86)",22,22.0
37,Q-Learning,E13,"(35, 44)",24,15.0
37,Q-Learning,E14,"(68, 26)",20,12.0
37,Q-Learning,E15,"(82, 38)",11,16.0
37,Q-Learning,E16,"(52, 50)",10,22.0
37,Q-Learning,E17,"(10, 77)",11,28.0
37,Q-Learning,E18,"(100, 4)",10,18.0
37,Q-Learning,E19,"(6, 25)",8,16.0
37,Q-Learning,E20,"(44, 4)",4,20.0
38,Greedy,E8,"(57, 43)",23,29.0
38,Greedy,E9,"(65, 18)",24,27.0
38,Greedy,E11,"(14, 86)",23,22.0
38,Greedy,E15,"(82, 38)",12,16.0
38,Greedy,E16,"(52, 50)",11,22.0
38,Greedy,E17,"(10, 77)",12,28.0
38,Greedy,E18,"(100, 4)",11,18.0
38,Greedy,E19,"(6, 25)",9,16.0
38,Greedy,E20,"(44, 4)",5,20.0
38,Greedy,E21,"(18, 51)",10,28.0
38,Auction,E4,"(92, 92)",30,29.0
38,Auction,E11,"(14, 86)",23,22.0
38,Auction,E12,"(25, 6)",25,18.0
38,Auction,E14,"(68, 26)",21,12.0
38,Auction,E15,"(82, 38)",12,16.0
38,Auction,E16,"(52, 50)",11,22.0
38,Auction,E17,"(10, 77)",12,28.0
38,Auction,E18,"(100, 4)",11,18.0
38,Auction,E19,"(6, 25)",9,16.0
38,Auction,E20,"(44, 4)",5,20.0
38,Auction,E21,"(18, 51)",10,28.0
38,Q-Learning,E8,"(57, 43)",23,29.0
38,Q-Learning,E9,"(65, 18)",24,27.0
38,Q-Learning,E11,"(14, 86)",23,22.0
38,Q-Learning,E13,"(35, 44)",25,15.0
38,Q-Learning,E14,"(68, 26)",21,12.0
38,Q-Learning,E15,"(82, 38)",12,16.0
38,Q-Learning,E16,"(52, 50)",11,22.0
38,Q-Learning,E17,"(10, 77)",12,28.0
38,Q-Learning,E18,"(100, 4)",11,18.0
38,Q-Learning,E19,"(6, 25)",9,16.0
38,Q-Learning,E20,"(44, 4)",5,20.0
38,Q-Learning,E21,"(18, 51)",10,28.0
39,Greedy,E8,"(57, 43)",24,29.0
39,Greedy,E9,"(65, 18)",25,27.0
39,Greedy,E11,"(14, 86)",24,22.0
39,Greedy,E15,"(82, 38)",13,16.0
39,Greedy,E16,"(52, 50)",12,22.0
39,Greedy,E17,"(10, 77)",13,28.0
39,Greedy,E18,"(100, 4)",12,18.0
39,Greedy,E19,"(6, 25)",10,16.0
39,Greedy,E20,"(44, 4)",6,20.0
39,Greedy,E21,"(18, 51)",11,28.0
39,Auction,E4,"(92, 92)",31,29.0
39,Auction,E11,"(14, 86)",24,22.0
39,Auction,E12,"(25, 6)",26,18.0
39,Auction,E14,"(68, 26)",22,12.0
39,Auction,E15,"(82, 38)",13,16.0
39,Auction,E16,"(52, 50)",12,22.0
39,Auction,E17,"(10, 77)",13,28.0
39,Auction,E19,"(6, 25)",10,16.0
39,Auction,E20,"(44, 4)",6,20.0
39,Auction,E21,"(18, 51)",11,28.0
39,Q-Learning,E8,"(57, 43)",24,29.0
39,Q-Learning,E9,"(65, 18)",25,27.0
39,Q-Learning,E11,"(14, 86)",24,22.0
39,Q-Learning,E13,"(35, 44)",26,15.0
39,Q-Learning,E14,"(68, 26)",22,12.0
39,Q-Learning,E15,"(82, 38)",13,16.0
39,Q-Learning,E16,"(52, 50)",12,22.0
39,Q-Learning,E17,"(10, 77)",13,28.0
39,Q-Learning,E18,"(100, 4)",12,18.0
39,Q-Learning,E19,"(6, 25)",10,16.0
39,Q-Learning,E20,"(44, 4)",6,20.0
39,Q-Learning,E21,"(18, 51)",11,28.0
40,Greedy,E8,"(57, 43)",25,29.0
40,Greedy,E9,"(65, 18)",26,27.0
40,Greedy,E11,"(14, 86)",25,22.0
40,Greedy,E15,"(82, 38)",14,16.0
40,Greedy,E16,"(52, 50)",13,22.0
40,Greedy,E17,"(10, 77)",14,28.0
40,Greedy,E18,"(100, 4)",13,18.0
40,Greedy,E19,"(6, 25)",11,16.0
40,Greedy,E20,"(44, 4)",7,20.0
40,Greedy,E21,"(18, 51)",12,28.0
40,Greedy,E22,"(27, 21)",3,14.0
40,Auction,E4,"(92, 92)",32,29.0
40,Auction,E11,"(14, 86)",25,22.0
40,Auction,E12,"(25, 6)",27,18.0
40,Auction,E14,"(68, 26)",23,12.0
40,Auction,E15,"(82, 38)",14,16.0
40,Auction,E16,"(52, 50)",13,22.0
40,Auction,E17,"(10, 77)",14,28.0
40,Auction,E19,"(6, 25)",11,16.0
40,Auction,E20,"(44, 4)",7,20.0
40,Auction,E21,"(18, 51)",12,28.0
40,Auction,E22,"(27, 21)",3,14.0
40,Q-Learning,E8,"(57, 43)",25,29.0
40,Q-Learning,E9,"(65, 18)",26,27.0
40,Q-Learning,E11,"(14, 86)",25,22.0
40,Q-Learning,E14,"(68, 26)",23,12.0
40,Q-Learning,E15,"(82, 38)",14,16.0
40,Q-Learning,E16,"(52, 50)",13,22.0
40,Q-Learning,E17,"(10, 77)",14,28.0
40,Q-Learning,E18,"(100, 4)",13,18.0
40,Q-Learning,E19,"(6, 25)",11,16.0
40,Q-Learning,E20,"(44, 4)",7,20.0
40,Q-Learning,E21,"(18, 51)",12,28.0
40,Q-Learning,E22,"(27, 21)",3,14.0
41,Greedy,E8,"(57, 43)",26,29.0
41,Greedy,E9,"(65, 18)",27,27.0
41,Greedy,E11,"(14, 86)",26,22.0
41,Greedy,E15,"(82, 38)",15,16.0
41,Greedy,E16,"(52, 50)",14,22.0
41,Greedy,E17,"(10, 77)",15,28.0
41,Greedy,E18,"(100, 4)",14,18.0
41,Greedy,E19,"(6, 25)",12,16.0
41,Greedy,E20,"(44, 4)",8,20.0
41,Greedy,E21,"(18, 51)",13,28.0
41,Greedy,E22,"(27, 21)",4,14.0
41,Greedy,E23,"(99, 21)",8,27.0
41,Auction,E4,"(92, 92)",33,29.0
41,Auction,E11,"(14, 86)",26,22.0
41,Auction,E12,"(25, 6)",28,18.0
41,Auction,E14,"(68, 26)",24,12.0
41,Auction,E15,"(82, 38)",15,16.0
41,Auction,E16,"(52, 50)",14,22.0
41,Auction,E17,"(10, 77)",15,28.0
41,Auction,E19,"(6, 25)",12,16.0
41,Auction,E20,"(44, 4)",8,20.0
41,Auction,E21,"(18, 51)",13,28.0
41,Auction,E22,"(27, 21)",4,14.0
41,Auction,E23,"(99, 21)",8,27.0
41,Q-Learning,E8,"(57, 43)",26,29.0
41,Q-Learning,E9,"(65, 18)",27,27.0
41,Q-Learning,E11,"(14, 86)",26,22.0
41,Q-Learning,E14,"(68, 26)",24,12.0
41,Q-Learning,E15,"(82, 38)",15,16.0
41,Q-Learning,E16,"(52, 50)",14,22.0
41,Q-Learning,E17,"(10, 77)",15,28.0
41,Q-Learning,E18,"(100, 4)",14,18.0
41,Q-Learning,E19,"(6, 25)",12,16.0
41,Q-Learning,E20,"(44, 4)",8,20.0
41,Q-Learning,E21,"(18, 51)",13,28.0
41,Q-Learning,E22,"(27, 21)",4,14.0
41,Q-Learning,E23,"(99, 21)",8,27.0
42,Greedy,E8,"(57, 43)",27,29.0
42,Greedy,E11,"(14, 86)",27,22.0
42,Greedy,E15,"(82, 38)",16,16.0
42,Greedy,E16,"(52, 50)",15,22.0
42,Greedy,E17,"(10, 77)",16,28.0
42,Greedy,E18,"(100, 4)",15,18.0
42,Greedy,E19,"(6, 25)",13,16.0
42,Greedy,E20,"(44, 4)",9,20.0
42,Greedy,E21,"(18, 51)",14,28.0
42,Greedy,E22,"(27, 21)",5,14.0
42,Greedy,E23,"(99, 21)",9,27.0
42,Auction,E4,"(92, 92)",34,29.0
42,Auction,E12,"(25, 6)",29,18.0
42,Auction,E14,"(68, 26)",25,12.0
42,Auction,E15,"(82, 38)",16,16.0
42,Auction,E16,"(52, 50)",15,22.0
42,Auction,E17,"(10, 77)",16,28.0
42,Auction,E19,"(6, 25)",13,16.0
42,Auction,E20,"(44, 4)",9,20.0
42,Auction,E21,"(18, 51)",14,28.0
42,Auction,E22,"(27, 21)",5,14.0
42,Auction,E23,"(99, 21)",9,27.0
42,Q-Learning,E8,"(57, 43)",27,29.0
42,Q-Learning,E9,"(65, 18)",28,27.0
42,Q-Learning,E14,"(68, 26)",25,12.0
42,Q-Learning,E15,"(82, 38)",16,16.0
42,Q-Learning,E16,"(52, 50)",15,22.0
42,Q-Learning,E17,"(10, 77)",16,28.0
42,Q-Learning,E18,"(100, 4)",15,18.0
42,Q-Learning,E19,"(6, 25)",13,16.0
42,Q-Learning,E20,"(44, 4)",9,20.0
42,Q-Learning,E21,"(18, 51)",14,28.0
42,Q-Learning,E22,"(27, 21)",5,14.0
42,Q-Learning,E23,"(99, 21)",9,27.0
43,Greedy,E8,"(57, 43)",28,29.0
43,Greedy,E11,"(14, 86)",28,22.0
43,Greedy,E15,"(82, 38)",17,16.0
43,Greedy,E16,"(52, 50)",16,22.0
43,Greedy,E17,"(10, 77)",17,28.0
43,Greedy,E18,"(100, 4)",16,18.0
43,Greedy,E19,"(6, 25)",14,16.0
43,Greedy,E20,"(44, 4)",10,20.0
43,Greedy,E21,"(18, 51)",15,28.0
43,Greedy,E22,"(27, 21)",6,14.0
43,Greedy,E23,"(99, 21)",10,27.0
43,Auction,E4,"(92, 92)",35,29.0
43,Auction,E12,"(25, 6)",30,18.0
43,Auction,E14,"(68, 26)",26,12.0
43,Auction,E15,"(82, 38)",17,16.0
43,Auction,E16,"(52, 50)",16,22.0
43,Auction,E17,"(10, 77)",17,28.0
43,Auction,E19,"(6, 25)",14,16.0
43,Auction,E20,"(44, 4)",10,20.0
43,Auction,E21,"(18, 51)",15,28.0
43,Auction,E22,"(27, 21)",6,14.0
43,Auction,E23,"(99, 21)",10,27.0
43,Q-Learning,E8,"(57, 43)",28,29.0
43,Q-Learning,E9,"(65, 18)",29,27.0
43,Q-Learning,E14,"(68, 26)",26,12.0
43,Q-Learning,E15,"(82, 38)",17,16.0
43,Q-Learning,E16,"(52, 50)",16,22.0
43,Q-Learning,E17,"(10, 77)",17,28.0
43,Q-Learning,E18,"(100, 4)",16,18.0
43,Q-Learning,E19,"(6, 25)",14,16.0
43,Q-Learning,E20,"(44, 4)",10,20.0
43,Q-Learning,E21,"(18, 51)",15,28.0
43,Q-Learning,E22,"(27, 21)",6,14.0
43,Q-Learning,E23,"(99, 21)",10,27.0
44,Greedy,E8,"(57, 43)",29,29.0
44,Greedy,E11,"(14, 86)",29,22.0
44,Greedy,E15,"(82, 38)",18,16.0
44,Greedy,E16,"(52, 50)",17,22.0
44,Greedy,E17,"(10, 77)",18,28.0
44,Greedy,E18,"(100, 4)",17,18.0
44,Greedy,E19,"(6, 25)",15,16.0
44,Greedy,E20,"(44, 4)",11,20.0
44,Greedy,E21,"(18, 51)",16,28.0
44,Greedy,E22,"(27, 21)",7,14.0
44,Greedy,E23,"(99, 21)",11,27.0
44,Auction,E4,"(92, 92)",36,29.0
44,Auction,E12,"(25, 6)",31,18.0
44,Auction,E14,"(68, 26)",27,12.0
44,Auction,E15,"(82, 38)",18,16.0
44,Auction,E16,"(52, 50)",17,22.0
44,Auction,E17,"(10, 77)",18,28.0
44,Auction,E19,"(6, 25)",15,16.0
44,Auction,E20,"(44, 4)",11,20.0
44,Auction,E21,"(18, 51)",16,28.0
44,Auction,E22,"(27, 21)",7,14.0
44,Auction,E23,"(99, 21)",11,27.0
44,Q-Learning,E8,"(57, 43)",29,29.0
44,Q-Learning,E14,"(68, 26)",27,12.0
44,Q-Learning,E15,"(82, 38)",18,16.0
44,Q-Learning,E16,"(52, 50)",17,22.0
44,Q-Learning,E17,"(10, 77)",18,28.0
44,Q-Learning,E18,"(100, 4)",17,18.0
44,Q-Learning,E19,"(6, 25)",15,16.0
44,Q-Learning,E20,"(44, 4)",11,20.0
44,Q-Learning,E21,"(18, 51)",16,28.0
44,Q-Learning,E22,"(27, 21)",7,14.0
44,Q-Learning,E23,"(99, 21)",11,27.0
45,Greedy,E8,"(57, 43)",30,29.0
45,Greedy,E11,"(14, 86)",30,22.0
45,Greedy,E15,"(82, 38)",19,16.0
45,Greedy,E16,"(52, 50)",18,22.0
45,Greedy,E17,"(10, 77)",19,28.0
45,Greedy,E18,"(100, 4)",18,18.0
45,Greedy,E19,"(6, 25)",16,16.0
45,Greedy,E20,"(44, 4)",12,20.0
45,Greedy,E21,"(18, 51)",17,28.0
45,Greedy,E22,"(27, 21)",8,14.0
45,Greedy,E23,"(99, 21)",12,27.0
45,Greedy,E24,"(77, 81)",3,22.0
45,Auction,E4,"(92, 92)",37,29.0
45,Auction,E12,"(25, 6)",32,18.0
45,Auction,E14,"(68, 26)",28,12.0
45,Auction,E15,"(82, 38)",19,16.0
45,Auction,E16,"(52, 50)",18,22.0
45,Auction,E17,"(10, 77)",19,28.0
45,Auction,E19,"(6, 25)",16,16.0
45,Auction,E20,"(44, 4)",12,20.0
45,Auction,E21,"(18, 51)",17,28.0
45,Auction,E22,"(27, 21)",8,14.0
45,Auction,E23,"(99, 21)",12,27.0
45,Auction,E24,"(77, 81)",3,22.0
45,Q-Learning,E8,"(57, 43)",30,29.0
45,Q-Learning,E14,"(68, 26)",28,12.0
45,Q-Learning,E15,"(82, 38)",19,16.0
45,Q-Learning,E16,"(52, 50)",18,22.0
45,Q-Learning,E17,"(10, 77)",19,28.0
45,Q-Learning,E18,"(100, 4)",18,18.0
45,Q-Learning,E19,"(6, 25)",16,16.0
45,Q-Learning,E20,"(44, 4)",12,20.0
45,Q-Learning,E21,"(18, 51)",17,28.0
45,Q-Learning,E22,"(27, 21)",8,14.0
45,Q-Learning,E23,"(99, 21)",12,27.0
45,Q-Learning,E24,"(77, 81)",3,22.0
46,Greedy,E8,"(57, 43)",31,29.0
46,Greedy,E11,"(14, 86)",31,22.0
46,Greedy,E15,"(82, 38)",20,16.0
46,Greedy,E16,"(52, 50)",19,22.0
46,Greedy,E17,"(10, 77)",20,28.0
46,Greedy,E18,"(100, 4)",19,18.0
46,Greedy,E19,"(6, 25)",17,16.0
46,Greedy,E20,"(44, 4)",13,20.0
46,Greedy,E21,"(18, 51)",18,28.0
46,Greedy,E22,"(27, 21)",9,14.0
46,Greedy,E23,"(99, 21)",13,27.0
46,Greedy,E24,"(77, 81)",4,22.0
46,Greedy,E25,"(85, 30)",5,11.0
46,Auction,E4,"(92, 92)",38,29.0
46,Auction,E12,"(25, 6)",33,18.0
46,Auction,E14,"(68, 26)",29,12.0
46,Auction,E15,"(82, 38)",20,16.0
46,Auction,E16,"(52, 50)",19,22.0
46,Auction,E17,"(10, 77)",20,28.0
46,Auction,E19,"(6, 25)",17,16.0
46,Auction,E20,"(44, 4)",13,20.0
46,Auction,E21,"(18, 51)",18,28.0
46,Auction,E22,"(27, 21)",9,14.0
46,Auction,E23,"(99, 21)",13,27.0
46,Auction,E24,"(77, 81)",4,22.0
46,Auction,E25,"(85, 30)",5,11.0
46,Q-Learning,E8,"(57, 43)",31,29.0
46,Q-Learning,E14,"(68, 26)",29,12.0
46,Q-Learning,E15,"(82, 38)",20,16.0
46,Q-Learning,E16,"(52, 50)",19,22.0
46,Q-Learning,E17,"(10, 77)",20,28.0
46,Q-Learning,E18,"(100, 4)",19,18.0
46,Q-Learning,E19,"(6, 25)",17,16.0
46,Q-Learning,E20,"(44, 4)",13,20.0
46,Q-Learning,E21,"(18, 51)",18,28.0
46,Q-Learning,E22,"(27, 21)",9,14.0
46,Q-Learning,E23,"(99, 21)",13,27.0
46,Q-Learning,E24,"(77, 81)",4,22.0
46,Q-Learning,E25,"(85, 30)",5,11.0
47,Greedy,E8,"(57, 43)",32,29.0
47,Greedy,E11,"(14, 86)",32,22.0
47,Greedy,E15,"(82, 38)",21,16.0
47,Greedy,E16,"(52, 50)",20,22.0
47,Greedy,E17,"(10, 77)",21,28.0
47,Greedy,E18,"(100, 4)",20,18.0
47,Greedy,E19,"(6, 25)",18,16.0
47,Greedy,E20,"(44, 4)",14,20.0
47,Greedy,E21,"(18, 51)",19,28.0
47,Greedy,E22,"(27, 21)",10,14.0
47,Greedy,E23,"(99, 21)",14,27.0
47,Greedy,E24,"(77, 81)",5,22.0
47,Greedy,E25,"(85, 30)",6,11.0
47,Greedy,E26,"(59, 98)",1,19.0
47,Auction,E4,"(92, 92)",39,29.0
47,Auction,E12,"(25, 6)",34,18.0
47,Auction,E15,"(82, 38)",21,16.0
47,Auction,E16,"(52, 50)",20,22.0
47,Auction,E17,"(10, 77)",21,28.0
47,Auction,E19,"(6, 25)",18,16.0
47,Auction,E20,"(44, 4)",14,20.0
47,Auction,E21,"(18, 51)",19,28.0
47,Auction,E22,"(27, 21)",10,14.0
47,Auction,E23,"(99, 21)",14,27.0
47,Auction,E24,"(77, 81)",5,22.0
47,Auction,E25,"(85, 30)",6,11.0
47,Auction,E26,"(59, 98)",1,19.0
47,Q-Learning,E8,"(57, 43)",32,29.0
47,Q-Learning,E14,"(68, 26)",30,12.0
47,Q-Learning,E15,"(82, 38)",21,16.0
47,Q-Learning,E16,"(52, 50)",20,22.0
47,Q-Learning,E17,"(10, 77)",21,28.0
47,Q-Learning,E18,"(100, 4)",20,18.0
47,Q-Learning,E19,"(6, 25)",18,16.0
47,Q-Learning,E20,"(44, 4)",14,20.0
47,Q-Learning,E21,"(18, 51)",19,28.0
47,Q-Learning,E22,"(27, 21)",10,14.0
47,Q-Learning,E23,"(99, 21)",14,27.0
47,Q-Learning,E24,"(77, 81)",5,22.0
47,Q-Learning,E25,"(85, 30)",6,11.0
47,Q-Learning,E26,"(59, 98)",1,19.0
48,Greedy,E8,"(57, 43)",33,29.0
48,Greedy,E11,"(14, 86)",33,22.0
48,Greedy,E15,"(82, 38)",22,16.0
48,Greedy,E16,"(52, 50)",21,22.0
48,Greedy,E17,"(10, 77)",22,28.0
48,Greedy,E18,"(100, 4)",21,18.0
48,Greedy,E19,"(6, 25)",19,16.0
48,Greedy,E20,"(44, 4)",15,20.0
48,Greedy,E21,"(18, 51)",20,28.0
48,Greedy,E22,"(27, 21)",11,14.0
48,Greedy,E23,"(99, 21)",15,27.0
48,Greedy,E24,"(77, 81)",6,22.0
48,Greedy,E25,"(85, 30)",7,11.0
48,Greedy,E26,"(59, 98)",2,19.0
48,Auction,E4,"(92, 92)",40,29.0
48,Auction,E15,"(82, 38)",22,16.0
48,Auction,E16,"(52, 50)",21,22.0
48,Auction,E17,"(10, 77)",22,28.0
48,Auction,E19,"(6, 25)",19,16.0
48,Auction,E20,"(44, 4)",15,20.0
48,Auction,E21,"(18, 51)",20,28.0
48,Auction,E22,"(27, 21)",11,14.0
48,Auction,E23,"(99, 21)",15,27.0
48,Auction,E24,"(77, 81)",6,22.0
48,Auction,E25,"(85, 30)",7,11.0
48,Auction,E26,"(59, 98)",2,19.0
48,Q-Learning,E8,"(57, 43)",33,29.0
48,Q-Learning,E14,"(68, 26)",31,12.0
48,Q-Learning,E15,"(82, 38)",22,16.0
48,Q-Learning,E16,"(52, 50)",21,22.0
48,Q-Learning,E17,"(10, 77)",22,28.0
48,Q-Learning,E18,"(100, 4)",21,18.0
48,Q-Learning,E19,"(6, 25)",19,16.0
48,Q-Learning,E20,"(44, 4)",15,20.0
48,Q-Learning,E21,"(18, 51)",20,28.0
48,Q-Learning,E22,"(27, 21)",11,14.0
48,Q-Learning,E23,"(99, 21)",15,27.0
48,Q-Learning,E24,"(77, 81)",6,22.0
48,Q-Learning,E25,"(85, 30)",7,11.0
48,Q-Learning,E26,"(59, 98)",2,19.0
49,Greedy,E8,"(57, 43)",34,29.0
49,Greedy,E11,"(14, 86)",34,22.0
49,Greedy,E15,"(82, 38)",23,16.0
49,Greedy,E16,"(52, 50)",22,22.0
49,Greedy,E17,"(10, 77)",23,28.0
49,Greedy,E18,"(100, 4)",22,18.0
49,Greedy,E19,"(6, 25)",20,16.0
49,Greedy,E20,"(44, 4)",16,20.0
49,Greedy,E21,"(18, 51)",21,28.0
49,Greedy,E22,"(27, 21)",12,14.0
49,Greedy,E23,"(99, 21)",16,27.0
49,Greedy,E24,"(77, 81)",7,22.0
49,Greedy,E25,"(85, 30)",8,11.0
49,Greedy,E26,"(59, 98)",3,19.0
49,Greedy,E27,"(100, 61)",1,11.0
49,Auction,E15,"(82, 38)",23,16.0
49,Auction,E16,"(52, 50)",22,22.0
49,Auction,E17,"(10, 77)",23,28.0
49,Auction,E19,"(6, 25)",20,16.0
49,Auction,E20,"(44, 4)",16,20.0
49,Auction,E21,"(18, 51)",21,28.0
49,Auction,E22,"(27, 21)",12,14.0
49,Auction,E23,"(99, 21)",16,27.0
49,Auction,E24,"(77, 81)",7,22.0
49,Auction,E25,"(85, 30)",8,11.0
49,Auction,E26,"(59, 98)",3,19.0
49,Auction,E27,"(100, 61)",1,11.0
49,Q-Learning,E8,"(57, 43)",34,29.0
49,Q-Learning,E14,"(68, 26)",32,12.0
49,Q-Learning,E15,"(82, 38)",23,16.0
49,Q-Learning,E16,"(52, 50)",22,22.0
49,Q-Learning,E17,"(10, 77)",23,28.0
49,Q-Learning,E18,"(100, 4)",22,18.0
49,Q-Learning,E19,"(6, 25)",20,16.0
49,Q-Learning,E20,"(44, 4)",16,20.0
49,Q-Learning,E21,"(18, 51)",21,28.0
49,Q-Learning,E22,"(27, 21)",12,14.0
49,Q-Learning,E23,"(99, 21)",16,27.0
49,Q-Learning,E24,"(77, 81)",7,22.0
49,Q-Learning,E25,"(85, 30)",8,11.0
49,Q-Learning,E26,"(59, 98)",3,19.0
49,Q-Learning,E27,"(100, 61)",1,11.0
50,Greedy,E15,"(82, 38)",24,16.0
50,Greedy,E16,"(52, 50)",23,22.0
50,Greedy,E17,"(10, 77)",24,28.0
50,Greedy,E18,"(100, 4)",23,18.0
50,Greedy,E19,"(6, 25)",21,16.0
50,Greedy,E20,"(44, 4)",17,20.0
50,Greedy,E21,"(18, 51)",22,28.0
50,Greedy,E22,"(27, 21)",13,14.0
50,Greedy,E23,"(99, 21)",17,27.0
50,Greedy,E24,"(77, 81)",8,22.0
50,Greedy,E25,"(85, 30)",9,11.0
50,Greedy,E26,"(59, 98)",4,19.0
50,Greedy,E27,"(100, 61)",2,11.0
50,Greedy,E28,"(47, 53)",4,26.0
50,Auction,E15,"(82, 38)",24,16.0
50,Auction,E17,"(10, 77)",24,28.0
50,Auction,E19,"(6, 25)",21,16.0
50,Auction,E20,"(44, 4)",17,20.0
50,Auction,E21,"(18, 51)",22,28.0
50,Auction,E22,"(27, 21)",13,14.0
50,Auction,E23,"(99, 21)",17,27.0
50,Auction,E24,"(77, 81)",8,22.0
50,Auction,E25,"(85, 30)",9,11.0
50,Auction,E26,"(59, 98)",4,19.0
50,Auction,E27,"(100, 61)",2,11.0
50,Auction,E28,"(47, 53)",4,26.0
50,Q-Learning,E8,"(57, 43)",35,29.0
50,Q-Learning,E14,"(68, 26)",33,12.0
50,Q-Learning,E15,"(82, 38)",24,16.0
50,Q-Learning,E16,"(52, 50)",23,22.0
50,Q-Learning,E17,"(10, 77)",24,28.0
50,Q-Learning,E18,"(100, 4)",23,18.0
50,Q-Learning,E19,"(6, 25)",21,16.0
50,Q-Learning,E20,"(44, 4)",17,20.0
50,Q-Learning,E21,"(18, 51)",22,28.0
50,Q-Learning,E22,"(27, 21)",13,14.0
50,Q-Learning,E23,"(99, 21)",17,27.0
50,Q-Learning,E25,"(85, 30)",9,11.0
50,Q-Learning,E26,"(59, 98)",4,19.0
50,Q-Learning,E27,"(100, 61)",2,11.0
50,Q-Learning,E28,"(47, 53)",4,26.0
51,Greedy,E15,"(82, 38)",25,16.0
51,Greedy,E16,"(52, 50)",24,22.0
51,Greedy,E17,"(10, 77)",25,28.0
51,Greedy,E18,"(100, 4)",24,18.0
51,Greedy,E19,"(6, 25)",22,16.0
51,Greedy,E20,"(44, 4)",18,20.0
51,Greedy,E21,"(18, 51)",23,28.0
51,Greedy,E22,"(27, 21)",14,14.0
51,Greedy,E23,"(99, 21)",18,27.0
51,Greedy,E24,"(77, 81)",9,22.0
51,Greedy,E25,"(85, 30)",10,11.0
51,Greedy,E26,"(59, 98)",5,19.0
51,Greedy,E27,"(100, 61)",3,11.0
51,Greedy,E28,"(47, 53)",5,26.0
51,Auction,E15,"(82, 38)",25,16.0
51,Auction,E17,"(10, 77)",25,28.0
51,Auction,E19,"(6, 25)",22,16.0
51,Auction,E20,"(44, 4)",18,20.0
51,Auction,E22,"(27, 21)",14,14.0
51,Auction,E23,"(99, 21)",18,27.0
51,Auction,E24,"(77, 81)",9,22.0
51,Auction,E25,"(85, 30)",10,11.0
51,Auction,E26,"(59, 98)",5,19.0
51,Auction,E27,"(100, 61)",3,11.0
51,Auction,E28,"(47, 53)",5,26.0
51,Q-Learning,E14,"(68, 26)",34,12.0
51,Q-Learning,E15,"(82, 38)",25,16.0
51,Q-Learning,E16,"(52, 50)",24,22.0
51,Q-Learning,E17,"(10, 77)",25,28.0
51,Q-Learning,E18,"(100, 4)",24,18.0
51,Q-Learning,E19,"(6, 25)",22,16.0
51,Q-Learning,E20,"(44, 4)",18,20.0
51,Q-Learning,E21,"(18, 51)",23,28.0
51,Q-Learning,E22,"(27, 21)",14,14.0
51,Q-Learning,E23,"(99, 21)",18,27.0
51,Q-Learning,E25,"(85, 30)",10,11.0
51,Q-Learning,E26,"(59, 98)",5,19.0
51,Q-Learning,E27,"(100, 61)",3,11.0
51,Q-Learning,E28,"(47, 53)",5,26.0
52,Greedy,E15,"(82, 38)",26,16.0
52,Greedy,E16,"(52, 50)",25,22.0
52,Greedy,E18,"(100, 4)",25,18.0
52,Greedy,E19,"(6, 25)",23,16.0
52,Greedy,E20,"(44, 4)",19,20.0
52,Greedy,E21,"(18, 51)",24,28.0
52,Greedy,E22,"(27, 21)",15,14.0
52,Greedy,E23,"(99, 21)",19,27.0
52,Greedy,E24,"(77, 81)",10,22.0
52,Greedy,E25,"(85, 30)",11,11.0
52,Greedy,E26,"(59, 98)",6,19.0
52,Greedy,E27,"(100, 61)",4,11.0
52,Greedy,E28,"(47, 53)",6,26.0
52,Greedy,E29,"(3, 94)",7,28.0
52,Auction,E15,"(82, 38)",26,16.0
52,Auction,E17,"(10, 77)",26,28.0
52,Auction,E19,"(6, 25)",23,16.0
52,Auction,E20,"(44, 4)",19,20.0
52,Auction,E22,"(27, 21)",15,14.0
52,Auction,E23,"(99, 21)",19,27.0
52,Auction,E24,"(77, 81)",10,22.0
52,Auction,E25,"(85, 30)",11,11.0
52,Auction,E26,"(59, 98)",6,19.0
52,Auction,E27,"(100, 61)",4,11.0
52,Auction,E28,"(47, 53)",6,26.0
52,Auction,E29,"(3, 94)",7,28.0
52,Q-Learning,E14,"(68, 26)",35,12.0
52,Q-Learning,E15,"(82, 38)",26,16.0
52,Q-Learning,E16,"(52, 50)",25,22.0
52,Q-Learning,E17,"(10, 77)",26,28.0
52,Q-Learning,E18,"(100, 4)",25,18.0
52,Q-Learning,E19,"(6, 25)",23,16.0
52,Q-Learning,E20,"(44, 4)",19,20.0
52,Q-Learning,E21,"(18, 51)",24,28.0
52,Q-Learning,E22,"(27, 21)",15,14.0
52,Q-Learning,E23,"(99, 21)",19,27.0
52,Q-Learning,E25,"(85, 30)",11,11.0
52,Q-Learning,E26,"(59, 98)",6,19.0
52,Q-Learning,E27,"(100, 61)",4,11.0
52,Q-Learning,E28,"(47, 53)",6,26.0
52,Q-Learning,E29,"(3, 94)",7,28.0
53,Greedy,E15,"(82, 38)",27,16.0
53,Greedy,E16,"(52, 50)",26,22.0
53,Greedy,E18,"(100, 4)",26,18.0
53,Greedy,E19,"(6, 25)",24,16.0
53,Greedy,E20,"(44, 4)",20,20.0
53,Greedy,E21,"(18, 51)",25,28.0
53,Greedy,E22,"(27, 21)",16,14.0
53,Greedy,E23,"(99, 21)",20,27.0
53,Greedy,E24,"(77, 81)",11,22.0
53,Greedy,E25,"(85, 30)",12,11.0
53,Greedy,E26,"(59, 98)",7,19.0
53,Greedy,E27,"(100, 61)",5,11.0
53,Greedy,E28,"(47, 53)",7,26.0
53,Greedy,E29,"(3, 94)",8,28.0
53,Auction,E15,"(82, 38)",27,16.0
53,Auction,E17,"(10, 77)",27,28.0
53,Auction,E19,"(6, 25)",24,16.0
53,Auction,E20,"(44, 4)",20,20.0
53,Auction,E22,"(27, 21)",16,14.0
53,Auction,E23,"(99, 21)",20,27.0
53,Auction,E24,"(77, 81)",11,22.0
53,Auction,E25,"(85, 30)",12,11.0
53,Auction,E26,"(59, 98)",7,19.0
53,Auction,E27,"(100, 61)",5,11.0
53,Auction,E28,"(47, 53)",7,26.0
53,Auction,E29,"(3, 94)",8,28.0
53,Q-Learning,E14,"(68, 26)",36,12.0
53,Q-Learning,E15,"(82, 38)",27,16.0
53,Q-Learning,E16,"(52, 50)",26,22.0
53,Q-Learning,E17,"(10, 77)",27,28.0
53,Q-Learning,E18,"(100, 4)",26,18.0
53,Q-Learning,E19,"(6, 25)",24,16.0
53,Q-Learning,E20,"(44, 4)",20,20.0
53,Q-Learning,E21,"(18, 51)",25,28.0
53,Q-Learning,E23,"(99, 21)",20,27.0
53,Q-Learning,E25,"(85, 30)",12,11.0
53,Q-Learning,E26,"(59, 98)",7,19.0
53,Q-Learning,E27,"(100, 61)",5,11.0
53,Q-Learning,E28,"(47, 53)",7,26.0
53,Q-Learning,E29,"(3, 94)",8,28.0
54,Greedy,E16,"(52, 50)",27,22.0
54,Greedy,E18,"(100, 4)",27,18.0
54,Greedy,E19,"(6, 25)",25,16.0
54,Greedy,E20,"(44, 4)",21,20.0
54,Greedy,E21,"(18, 51)",26,28.0
54,Greedy,E22,"(27, 21)",17,14.0
54,Greedy,E23,"(99, 21)",21,27.0
54,Greedy,E24,"(77, 81)",12,22.0
54,Greedy,E25,"(85, 30)",13,11.0
54,Greedy,E26,"(59, 98)",8,19.0
54,Greedy,E27,"(100, 61)",6,11.0
54,Greedy,E28,"(47, 53)",8,26.0
54,Greedy,E29,"(3, 94)",9,28.0
54,Greedy,E30,"(13, 48)",4,20.0
54,Auction,E15,"(82, 38)",28,16.0
54,Auction,E17,"(10, 77)",28,28.0
54,Auction,E19,"(6, 25)",25,16.0
54,Auction,E20,"(44, 4)",21,20.0
54,Auction,E22,"(27, 21)",17,14.0
54,Auction,E23,"(99, 21)",21,27.0
54,Auction,E24,"(77, 81)",12,22.0
54,Auction,E25,"(85, 30)",13,11.0
54,Auction,E26,"(59, 98)",8,19.0
54,Auction,E27,"(100, 61)",6,11.0
54,Auction,E28,"(47, 53)",8,26.0
54,Auction,E29,"(3, 94)",9,28.0
54,Auction,E30,"(13, 48)",4,20.0
54,Q-Learning,E14,"(68, 26)",37,12.0
54,Q-Learning,E15,"(82, 38)",28,16.0
54,Q-Learning,E16,"(52, 50)",27,22.0
54,Q-Learning,E17,"(10, 77)",28,28.0
54,Q-Learning,E18,"(100, 4)",27,18.0
54,Q-Learning,E19,"(6, 25)",25,16.0
54,Q-Learning,E20,"(44, 4)",21,20.0
54,Q-Learning,E21,"(18, 51)",26,28.0
54,Q-Learning,E23,"(99, 21)",21,27.0
54,Q-Learning,E25,"(85, 30)",13,11.0
54,Q-Learning,E26,"(59, 98)",8,19.0
54,Q-Learning,E27,"(100, 61)",6,11.0
54,Q-Learning,E28,"(47, 53)",8,26.0
54,Q-Learning,E29,"(3, 94)",9,28.0
54,Q-Learning,E30,"(13, 48)",4,20.0
55,Greedy,E16,"(52, 50)",28,22.0
55,Greedy,E18,"(100, 4)",28,18.0
55,Greedy,E19,"(6, 25)",26,16.0
55,Greedy,E20,"(44, 4)",22,20.0
55,Greedy,E21,"(18, 51)",27,28.0
55,Greedy,E22,"(27, 21)",18,14.0
55,Greedy,E23,"(99, 21)",22,27.0
55,Greedy,E24,"(77, 81)",13,22.0
55,Greedy,E25,"(85, 30)",14,11.0
55,Greedy,E26,"(59, 98)",9,19.0
55,Greedy,E27,"(100, 61)",7,11.0
55,Greedy,E28,"(47, 53)",9,26.0
55,Greedy,E29,"(3, 94)",10,28.0
55,Greedy,E30,"(13, 48)",5,20.0
55,Auction,E15,"(82, 38)",29,16.0
55,Auction,E17,"(10, 77)",29,28.0
55,Auction,E19,"(6, 25)",26,16.0
55,Auction,E20,"(44, 4)",22,20.0
55,Auction,E22,"(27, 21)",18,14.0
55,Auction,E23,"(99, 21)",22,27.0
55,Auction,E24,"(77, 81)",13,22.0
55,Auction,E25,"(85, 30)",14,11.0
55,Auction,E26,"(59, 98)",9,19.0
55,Auction,E27,"(100, 61)",7,11.0
55,Auction,E28,"(47, 53)",9,26.0
55,Auction,E29,"(3, 94)",10,28.0
55,Auction,E30,"(13, 48)",5,20.0
55,Q-Learning,E14,"(68, 26)",38,12.0
55,Q-Learning,E15,"(82, 38)",29,16.0
55,Q-Learning,E16,"(52, 50)",28,22.0
55,Q-Learning,E17,"(10, 77)",29,28.0
55,Q-Learning,E18,"(100, 4)",28,18.0
55,Q-Learning,E19,"(6, 25)",26,16.0
55,Q-Learning,E20,"(44, 4)",22,20.0
55,Q-Learning,E21,"(18, 51)",27,28.0
55,Q-Learning,E23,"(99, 21)",22,27.0
55,Q-Learning,E25,"(85, 30)",14,11.0
55,Q-Learning,E26,"(59, 98)",9,19.0
55,Q-Learning,E27,"(100, 61)",7,11.0
55,Q-Learning,E28,"(47, 53)",9,26.0
55,Q-Learning,E29,"(3, 94)",10,28.0
55,Q-Learning,E30,"(13, 48)",5,20.0
56,Greedy,E16,"(52, 50)",29,22.0
56,Greedy,E18,"(100, 4)",29,18.0
56,Greedy,E19,"(6, 25)",27,16.0
56,Greedy,E20,"(44, 4)",23,20.0
56,Greedy,E21,"(18, 51)",28,28.0
56,Greedy,E22,"(27, 21)",19,14.0
56,Greedy,E23,"(99, 21)",23,27.0
56,Greedy,E24,"(77, 81)",14,22.0
56,Greedy,E25,"(85, 30)",15,11.0
56,Greedy,E26,"(59, 98)",10,19.0
56,Greedy,E27,"(100, 61)",8,11.0
56,Greedy,E28,"(47, 53)",10,26.0
56,Greedy,E29,"(3, 94)",11,28.0
56,Greedy,E30,"(13, 48)",6,20.0
56,Greedy,E31,"(32, 78)",8,18.0
56,Auction,E15,"(82, 38)",30,16.0
56,Auction,E17,"(10, 77)",30,28.0
56,Auction,E19,"(6, 25)",27,16.0
56,Auction,E20,"(44, 4)",23,20.0
56,Auction,E22,"(27, 21)",19,14.0
56,Auction,E23,"(99, 21)",23,27.0
56,Auction,E24,"(77, 81)",14,22.0
56,Auction,E25,"(85, 30)",15,11.0
56,Auction,E26,"(59, 98)",10,19.0
56,Auction,E27,"(100, 61)",8,11.0
56,Auction,E28,"(47, 53)",10,26.0
56,Auction,E29,"(3, 94)",11,28.0
56,Auction,E30,"(13, 48)",6,20.0
56,Auction,E31,"(32, 78)",8,18.0
56,Q-Learning,E14,"(68, 26)",39,12.0
56,Q-Learning,E15,"(82, 38)",30,16.0
56,Q-Learning,E16,"(52, 50)",29,22.0
56,Q-Learning,E17,"(10, 77)",30,28.0
56,Q-Learning,E18,"(100, 4)",29,18.0
56,Q-Learning,E19,"(6, 25)",27,16.0
56,Q-Learning,E20,"(44, 4)",23,20.0
56,Q-Learning,E21,"(18, 51)",28,28.0
56,Q-Learning,E23,"(99, 21)",23,27.0
56,Q-Learning,E25,"(85, 30)",15,11.0
56,Q-Learning,E26,"(59, 98)",10,19.0
56,Q-Learning,E27,"(100, 61)",8,11.0
56,Q-Learning,E28,"(47, 53)",10,26.0
56,Q-Learning,E29,"(3, 94)",11,28.0
56,Q-Learning,E30,"(13, 48)",6,20.0
56,Q-Learning,E31,"(32, 78)",8,18.0
57,Greedy,E16,"(52, 50)",30,22.0
57,Greedy,E18,"(100, 4)",30,18.0
57,Greedy,E19,"(6, 25)",28,16.0
57,Greedy,E20,"(44, 4)",24,20.0
57,Greedy,E21,"(18, 51)",29,28.0
57,Greedy,E22,"(27, 21)",20,14.0
57,Greedy,E23,"(99, 21)",24,27.0
57,Greedy,E24,"(77, 81)",15,22.0
57,Greedy,E25,"(85, 30)",16,11.0
57,Greedy,E26,"(59, 98)",11,19.0
57,Greedy,E27,"(100, 61)",9,11.0
57,Greedy,E28,"(47, 53)",11,26.0
57,Greedy,E29,"(3, 94)",12,28.0
57,Greedy,E30,"(13, 48)",7,20.0
57,Greedy,E31,"(32, 78)",9,18.0
57,Auction,E15,"(82, 38)",31,16.0
57,Auction,E17,"(10, 77)",31,28.0
57,Auction,E19,"(6, 25)",28,16.0
57,Auction,E20,"(44, 4)",24,20.0
57,Auction,E22,"(27, 21)",20,14.0
57,Auction,E23,"(99, 21)",24,27.0
57,Auction,E24,"(77, 81)",15,22.0
57,Auction,E25,"(85, 30)",16,11.0
57,Auction,E26,"(59, 98)",11,19.0
57,Auction,E27,"(100, 61)",9,11.0
57,Auction,E28,"(47, 53)",11,26.0
57,Auction,E29,"(3, 94)",12,28.0
57,Auction,E30,"(13, 48)",7,20.0
57,Auction,E31,"(32, 78)",9,18.0
57,Q-Learning,E14,"(68, 26)",40,12.0
57,Q-Learning,E15,"(82, 38)",31,16.0
57,Q-Learning,E16,"(52, 50)",30,22.0
57,Q-Learning,E17,"(10, 77)",31,28.0
57,Q-Learning,E18,"(100, 4)",30,18.0
57,Q-Learning,E19,"(6, 25)",28,16.0
57,Q-Learning,E20,"(44, 4)",24,20.0
57,Q-Learning,E21,"(18, 51)",29,28.0
57,Q-Learning,E23,"(99, 21)",24,27.0
57,Q-Learning,E25,"(85, 30)",16,11.0
57,Q-Learning,E26,"(59, 98)",11,19.0
57,Q-Learning,E27,"(100, 61)",9,11.0
57,Q-Learning,E28,"(47, 53)",11,26.0
57,Q-Learning,E29,"(3, 94)",12,28.0
57,Q-Learning,E30,"(13, 48)",7,20.0
57,Q-Learning,E31,"(32, 78)",9,18.0
58,Greedy,E16,"(52, 50)",31,22.0
58,Greedy,E18,"(100, 4)",31,18.0
58,Greedy,E19,"(6, 25)",29,16.0
58,Greedy,E20,"(44, 4)",25,20.0
58,Greedy,E21,"(18, 51)",30,28.0
58,Greedy,E22,"(27, 21)",21,14.0
58,Greedy,E23,"(99, 21)",25,27.0
58,Greedy,E24,"(77, 81)",16,22.0
58,Greedy,E25,"(85, 30)",17,11.0
58,Greedy,E26,"(59, 98)",12,19.0
58,Greedy,E27,"(100, 61)",10,11.0
58,Greedy,E28,"(47, 53)",12,26.0
58,Greedy,E29,"(3, 94)",13,28.0
58,Greedy,E30,"(13, 48)",8,20.0
58,Greedy,E31,"(32, 78)",10,18.0
58,Greedy,E32,"(87, 31)",8,30.0
58,Auction,E15,"(82, 38)",32,16.0
58,Auction,E17,"(10, 77)",32,28.0
58,Auction,E19,"(6, 25)",29,16.0
58,Auction,E20,"(44, 4)",25,20.0
58,Auction,E22,"(27, 21)",21,14.0
58,Auction,E23,"(99, 21)",25,27.0
58,Auction,E24,"(77, 81)",16,22.0
58,Auction,E25,"(85, 30)",17,11.0
58,Auction,E26,"(59, 98)",12,19.0
58,Auction,E27,"(100, 61)",10,11.0
58,Auction,E28,"(47, 53)",12,26.0
58,Auction,E29,"(3, 94)",13,28.0
58,Auction,E30,"(13, 48)",8,20.0
58,Auction,E31,"(32, 78)",10,18.0
58,Auction,E32,"(87, 31)",8,30.0
58,Q-Learning,E14,"(68, 26)",41,12.0
58,Q-Learning,E15,"(82, 38)",32,16.0
58,Q-Learning,E16,"(52, 50)",31,22.0
58,Q-Learning,E17,"(10, 77)",32,28.0
58,Q-Learning,E18,"(100, 4)",31,18.0
58,Q-Learning,E19,"(6, 25)",29,16.0
58,Q-Learning,E20,"(44, 4)",25,20.0
58,Q-Learning,E21,"(18, 51)",30,28.0
58,Q-Learning,E23,"(99, 21)",25,27.0
58,Q-Learning,E25,"(85, 30)",17,11.0
58,Q-Learning,E26,"(59, 98)",12,19.0
58,Q-Learning,E27,"(100, 61)",10,11.0
58,Q-Learning,E28,"(47, 53)",12,26.0
58,Q-Learning,E29,"(3, 94)",13,28.0
58,Q-Learning,E30,"(13, 48)",8,20.0
58,Q-Learning,E31,"(32, 78)",10,18.0
58,Q-Learning,E32,"(87, 31)",8,30.0
59,Greedy,E16,"(52, 50)",32,22.0
59,Greedy,E18,"(100, 4)",32,18.0
59,Greedy,E19,"(6, 25)",30,16.0
59,Greedy,E20,"(44, 4)",26,20.0
59,Greedy,E21,"(18, 51)",31,28.0
59,Greedy,E22,"(27, 21)",22,14.0
59,Greedy,E23,"(99, 21)",26,27.0
59,Greedy,E24,"(77, 81)",17,22.0
59,Greedy,E25,"(85, 30)",18,11.0
59,Greedy,E26,"(59, 98)",13,19.0
59,Greedy,E27,"(100, 61)",11,11.0
59,Greedy,E28,"(47, 53)",13,26.0
59,Greedy,E29,"(3, 94)",14,28.0
59,Greedy,E30,"(13, 48)",9,20.0
59,Greedy,E31,"(32, 78)",11,18.0
59,Greedy,E32,"(87, 31)",9,30.0
59,Greedy,E33,"(3, 99)",1,28.0
59,Auction,E15,"(82, 38)",33,16.0
59,Auction,E17,"(10, 77)",33,28.0
59,Auction,E19,"(6, 25)",30,16.0
59,Auction,E20,"(44, 4)",26,20.0
59,Auction,E22,"(27, 21)",22,14.0
59,Auction,E23,"(99, 21)",26,27.0
59,Auction,E24,"(77, 81)",17,22.0
59,Auction,E25,"(85, 30)",18,11.0
59,Auction,E26,"(59, 98)",13,19.0
59,Auction,E27,"(100, 61)",11,11.0
59,Auction,E28,"(47, 53)",13,26.0
59,Auction,E29,"(3, 94)",14,28.0
59,Auction,E30,"(13, 48)",9,20.0
59,Auction,E31,"(32, 78)",11,18.0
59,Auction,E32,"(87, 31)",9,30.0
59,Auction,E33,"(3, 99)",1,28.0
59,Q-Learning,E14,"(68, 26)",42,12.0
59,Q-Learning,E15,"(82, 38)",33,16.0
59,Q-Learning,E16,"(52, 50)",32,22.0
59,Q-Learning,E17,"(10, 77)",33,28.0
59,Q-Learning,E18,"(100, 4)",32,18.0
59,Q-Learning,E19,"(6, 25)",30,16.0
59,Q-Learning,E20,"(44, 4)",26,20.0
59,Q-Learning,E21,"(18, 51)",31,28.0
59,Q-Learning,E23,"(99, 21)",26,27.0
59,Q-Learning,E25,"(85, 30)",18,11.0
59,Q-Learning,E26,"(59, 98)",13,19.0
59,Q-Learning,E27,"(100, 61)",11,11.0
59,Q-Learning,E28,"(47, 53)",13,26.0
59,Q-Learning,E29,"(3, 94)",14,28.0
59,Q-Learning,E30,"(13, 48)",9,20.0
59,Q-Learning,E31,"(32, 78)",11,18.0
59,Q-Learning,E32,"(87, 31)",9,30.0
59,Q-Learning,E33,"(3, 99)",1,28.0
60,Greedy,E16,"(52, 50)",33,22.0
60,Greedy,E18,"(100, 4)",33,18.0
60,Greedy,E19,"(6, 25)",31,16.0
60,Greedy,E20,"(44, 4)",27,20.0
60,Greedy,E21,"(18, 51)",32,28.0
60,Greedy,E22,"(27, 21)",23,14.0
60,Greedy,E23,"(99, 21)",27,27.0
60,Greedy,E24,"(77, 81)",18,22.0
60,Greedy,E25,"(85, 30)",19,11.0
60,Greedy,E26,"(59, 98)",14,19.0
60,Greedy,E27,"(100, 61)",12,11.0
60,Greedy,E28,"(47, 53)",14,26.0
60,Greedy,E29,"(3, 94)",15,28.0
60,Greedy,E30,"(13, 48)",10,20.0
60,Greedy,E31,"(32, 78)",12,18.0
60,Greedy,E32,"(87, 31)",10,30.0
60,Greedy,E33,"(3, 99)",2,28.0
60,Auction,E15,"(82, 38)",34,16.0
60,Auction,E17,"(10, 77)",34,28.0
60,Auction,E19,"(6, 25)",31,16.0
60,Auction,E20,"(44, 4)",27,20.0
60,Auction,E22,"(27, 21)",23,14.0
60,Auction,E23,"(99, 21)",27,27.0
60,Auction,E24,"(77, 81)",18,22.0
60,Auction,E25,"(85, 30)",19,11.0
60,Auction,E26,"(59, 98)",14,19.0
60,Auction,E27,"(100, 61)",12,11.0
60,Auction,E28,"(47, 53)",14,26.0
60,Auction,E29,"(3, 94)",15,28.0
60,Auction,E30,"(13, 48)",10,20.0
60,Auction,E31,"(32, 78)",12,18.0
60,Auction,E32,"(87, 31)",10,30.0
60,Auction,E33,"(3, 99)",2,28.0
60,Q-Learning,E14,"(68, 26)",43,12.0
60,Q-Learning,E15,"(82, 38)",34,16.0
60,Q-Learning,E16,"(52, 50)",33,22.0
60,Q-Learning,E17,"(10, 77)",34,28.0
60,Q-Learning,E18,"(100, 4)",33,18.0
60,Q-Learning,E19,"(6, 25)",31,16.0
60,Q-Learning,E20,"(44, 4)",27,20.0
60,Q-Learning,E21,"(18, 51)",32,28.0
60,Q-Learning,E23,"(99, 21)",27,27.0
60,Q-Learning,E25,"(85, 30)",19,11.0
60,Q-Learning,E26,"(59, 98)",14,19.0
60,Q-Learning,E27,"(100, 61)",12,11.0
60,Q-Learning,E28,"(47, 53)",14,26.0
60,Q-Learning,E29,"(3, 94)",15,28.0
60,Q-Learning,E30,"(13, 48)",10,20.0
60,Q-Learning,E31,"(32, 78)",12,18.0
60,Q-Learning,E32,"(87, 31)",10,30.0
60,Q-Learning,E33,"(3, 99)",2,28.0
61,Greedy,E16,"(52, 50)",34,22.0
61,Greedy,E18,"(100, 4)",34,18.0
61,Greedy,E19,"(6, 25)",32,16.0
61,Greedy,E20,"(44, 4)",28,20.0
61,Greedy,E21,"(18, 51)",33,28.0
61,Greedy,E22,"(27, 21)",24,14.0
61,Greedy,E23,"(99, 21)",28,27.0
61,Greedy,E24,"(77, 81)",19,22.0
61,Greedy,E25,"(85, 30)",20,11.0
61,Greedy,E26,"(59, 98)",15,19.0
61,Greedy,E27,"(100, 61)",13,11.0
61,Greedy,E28,"(47, 53)",15,26.0
61,Greedy,E29,"(3, 94)",16,28.0
61,Greedy,E30,"(13, 48)",11,20.0
61,Greedy,E31,"(32, 78)",13,18.0
61,Greedy,E32,"(87, 31)",11,30.0
61,Greedy,E33,"(3, 99)",3,28.0
61,Auction,E17,"(10, 77)",35,28.0
61,Auction,E19,"(6, 25)",32,16.0
61,Auction,E20,"(44, 4)",28,20.0
61,Auction,E22,"(27, 21)",24,14.0
61,Auction,E23,"(99, 21)",28,27.0
61,Auction,E24,"(77, 81)",19,22.0
61,Auction,E25,"(85, 30)",20,11.0
61,Auction,E26,"(59, 98)",15,19.0
61,Auction,E27,"(100, 61)",13,11.0
61,Auction,E28,"(47, 53)",15,26.0
61,Auction,E29,"(3, 94)",16,28.0
61,Auction,E30,"(13, 48)",11,20.0
61,Auction,E31,"(32, 78)",13,18.0
61,Auction,E32,"(87, 31)",11,30.0
61,Auction,E33,"(3, 99)",3,28.0
61,Q-Learning,E14,"(68, 26)",44,12.0
61,Q-Learning,E15,"(82, 38)",35,16.0
61,Q-Learning,E16,"(52, 50)",34,22.0
61,Q-Learning,E17,"(10, 77)",35,28.0
61,Q-Learning,E18,"(100, 4)",34,18.0
61,Q-Learning,E19,"(6, 25)",32,16.0
61,Q-Learning,E20,"(44, 4)",28,20.0
61,Q-Learning,E21,"(18, 51)",33,28.0
61,Q-Learning,E23,"(99, 21)",28,27.0
61,Q-Learning,E25,"(85, 30)",20,11.0
61,Q-Learning,E26,"(59, 98)",15,19.0
61,Q-Learning,E27,"(100, 61)",13,11.0
61,Q-Learning,E28,"(47, 53)",15,26.0
61,Q-Learning,E29,"(3, 94)",16,28.0
61,Q-Learning,E30,"(13, 48)",11,20.0
61,Q-Learning,E31,"(32, 78)",13,18.0
61,Q-Learning,E32,"(87, 31)",11,30.0
61,Q-Learning,E33,"(3, 99)",3,28.0
62,Greedy,E18,"(100, 4)",35,18.0
62,Greedy,E19,"(6, 25)",33,16.0
62,Greedy,E20,"(44, 4)",29,20.0
62,Greedy,E21,"(18, 51)",34,28.0
62,Greedy,E22,"(27, 21)",25,14.0
62,Greedy,E23,"(99, 21)",29,27.0
62,Greedy,E24,"(77, 81)",20,22.0
62,Greedy,E25,"(85, 30)",21,11.0
62,Greedy,E26,"(59, 98)",16,19.0
62,Greedy,E27,"(100, 61)",14,11.0
62,Greedy,E28,"(47, 53)",16,26.0
62,Greedy,E29,"(3, 94)",17,28.0
62,Greedy,E30,"(13, 48)",12,20.0
62,Greedy,E31,"(32, 78)",14,18.0
62,Greedy,E32,"(87, 31)",12,30.0
62,Greedy,E33,"(3, 99)",4,28.0
62,Greedy,E34,"(50, 33)",8,14.0
62,Auction,E17,"(10, 77)",36,28.0
62,Auction,E19,"(6, 25)",33,16.0
62,Auction,E20,"(44, 4)",29,20.0
62,Auction,E22,"(27, 21)",25,14.0
62,Auction,E23,"(99, 21)",29,27.0
62,Auction,E24,"(77, 81)",20,22.0
62,Auction,E25,"(85, 30)",21,11.0
62,Auction,E26,"(59, 98)",16,19.0
62,Auction,E27,"(100, 61)",14,11.0
62,Auction,E28,"(47, 53)",16,26.0
62,Auction,E29,"(3, 94)",17,28.0
62,Auction,E30,"(13, 48)",12,20.0
62,Auction,E31,"(32, 78)",14,18.0
62,Auction,E32,"(87, 31)",12,30.0
62,Auction,E33,"(3, 99)",4,28.0
62,Auction,E34,"(50, 33)",8,14.0
62,Q-Learning,E14,"(68, 26)",45,12.0
62,Q-Learning,E15,"(82, 38)",36,16.0
62,Q-Learning,E16,"(52, 50)",35,22.0
62,Q-Learning,E17,"(10, 77)",36,28.0
62,Q-Learning,E18,"(100, 4)",35,18.0
62,Q-Learning,E19,"(6, 25)",33,16.0
62,Q-Learning,E20,"(44, 4)",29,20.0
62,Q-Learning,E21,"(18, 51)",34,28.0
62,Q-Learning,E23,"(99, 21)",29,27.0
62,Q-Learning,E25,"(85, 30)",21,11.0
62,Q-Learning,E26,"(59, 98)",16,19.0
62,Q-Learning,E27,"(100, 61)",14,11.0
62,Q-Learning,E28,"(47, 53)",16,26.0
62,Q-Learning,E29,"(3, 94)",17,28.0
62,Q-Learning,E30,"(13, 48)",12,20.0
62,Q-Learning,E31,"(32, 78)",14,18.0
62,Q-Learning,E32,"(87, 31)",12,30.0
62,Q-Learning,E33,"(3, 99)",4,28.0
62,Q-Learning,E34,"(50, 33)",8,14.0
63,Greedy,E18,"(100, 4)",36,18.0
63,Greedy,E19,"(6, 25)",34,16.0
63,Greedy,E20,"(44, 4)",30,20.0
63,Greedy,E21,"(18, 51)",35,28.0
63,Greedy,E22,"(27, 21)",26,14.0
63,Greedy,E23,"(99, 21)",30,27.0
63,Greedy,E24,"(77, 81)",21,22.0
63,Greedy,E25,"(85, 30)",22,11.0
63,Greedy,E26,"(59, 98)",17,19.0
63,Greedy,E27,"(100, 61)",15,11.0
63,Greedy,E28,"(47, 53)",17,26.0
63,Greedy,E29,"(3, 94)",18,28.0
63,Greedy,E30,"(13, 48)",13,20.0
63,Greedy,E31,"(32, 78)",15,18.0
63,Greedy,E32,"(87, 31)",13,30.0
63,Greedy,E33,"(3, 99)",5,28.0
63,Greedy,E34,"(50, 33)",9,14.0
63,Auction,E17,"(10, 77)",37,28.0
63,Auction,E19,"(6, 25)",34,16.0
63,Auction,E20,"(44, 4)",30,20.0
63,Auction,E22,"(27, 21)",26,14.0
63,Auction,E23,"(99, 21)",30,27.0
63,Auction,E24,"(77, 81)",21,22.0
63,Auction,E25,"(85, 30)",22,11.0
63,Auction,E26,"(59, 98)",17,19.0
63,Auction,E27,"(100, 61)",15,11.0
63,Auction,E28,"(47, 53)",17,26.0
63,Auction,E29,"(3, 94)",18,28.0
63,Auction,E30,"(13, 48)",13,20.0
63,Auction,E31,"(32, 78)",15,18.0
63,Auction,E32,"(87, 31)",13,30.0
63,Auction,E33,"(3, 99)",5,28.0
63,Auction,E34,"(50, 33)",9,14.0
63,Q-Learning,E14,"(68, 26)",46,12.0
63,Q-Learning,E15,"(82, 38)",37,16.0
63,Q-Learning,E16,"(52, 50)",36,22.0
63,Q-Learning,E17,"(10, 77)",37,28.0
63,Q-Learning,E18,"(100, 4)",36,18.0
63,Q-Learning,E19,"(6, 25)",34,16.0
63,Q-Learning,E20,"(44, 4)",30,20.0
63,Q-Learning,E21,"(18, 51)",35,28.0
63,Q-Learning,E23,"(99, 21)",30,27.0
63,Q-Learning,E25,"(85, 30)",22,11.0
63,Q-Learning,E26,"(59, 98)",17,19.0
63,Q-Learning,E27,"(100, 61)",15,11.0
63,Q-Learning,E28,"(47, 53)",17,26.0
63,Q-Learning,E29,"(3, 94)",18,28.0
63,Q-Learning,E30,"(13, 48)",13,20.0
63,Q-Learning,E32,"(87, 31)",13,30.0
63,Q-Learning,E33,"(3, 99)",5,28.0
63,Q-Learning,E34,"(50, 33)",9,14.0
64,Greedy,E18,"(100, 4)",37,18.0
64,Greedy,E20,"(44, 4)",31,20.0
64,Greedy,E21,"(18, 51)",36,28.0
64,Greedy,E22,"(27, 21)",27,14.0
64,Greedy,E23,"(99, 21)",31,27.0
64,Greedy,E24,"(77, 81)",22,22.0
64,Greedy,E25,"(85, 30)",23,11.0
64,Greedy,E26,"(59, 98)",18,19.0
64,Greedy,E27,"(100, 61)",16,11.0
64,Greedy,E28,"(47, 53)",18,26.0
64,Greedy,E29,"(3, 94)",19,28.0
64,Greedy,E30,"(13, 48)",14,20.0
64,Greedy,E31,"(32, 78)",16,18.0
64,Greedy,E32,"(87, 31)",14,30.0
64,Greedy,E33,"(3, 99)",6,28.0
64,Greedy,E34,"(50, 33)",10,14.0
64,Auction,E17,"(10, 77)",38,28.0
64,Auction,E19,"(6, 25)",35,16.0
64,Auction,E20,"(44, 4)",31,20.0
64,Auction,E22,"(27, 21)",27,14.0
64,Auction,E23,"(99, 21)",31,27.0
64,Auction,E24,"(77, 81)",22,22.0
64,Auction,E25,"(85, 30)",23,11.0
64,Auction,E26,"(59, 98)",18,19.0
64,Auction,E27,"(100, 61)",16,11.0
64,Auction,E28,"(47, 53)",18,26.0
64,Auction,E29,"(3, 94)",19,28.0
64,Auction,E30,"(13, 48)",14,20.0
64,Auction,E31,"(32, 78)",16,18.0
64,Auction,E32,"(87, 31)",14,30.0
64,Auction,E33,"(3, 99)",6,28.0
64,Auction,E34,"(50, 33)",10,14.0
64,Q-Learning,E14,"(68, 26)",47,12.0
64,Q-Learning,E15,"(82, 38)",38,16.0
64,Q-Learning,E16,"(52, 50)",37,22.0
64,Q-Learning,E17,"(10, 77)",38,28.0
64,Q-Learning,E18,"(100, 4)",37,18.0
64,Q-Learning,E19,"(6, 25)",35,16.0
64,Q-Learning,E20,"(44, 4)",31,20.0
64,Q-Learning,E21,"(18, 51)",36,28.0
64,Q-Learning,E23,"(99, 21)",31,27.0
64,Q-Learning,E25,"(85, 30)",23,11.0
64,Q-Learning,E26,"(59, 98)",18,19.0
64,Q-Learning,E27,"(100, 61)",16,11.0
64,Q-Learning,E28,"(47, 53)",18,26.0
64,Q-Learning,E29,"(3, 94)",19,28.0
64,Q-Learning,E30,"(13, 48)",14,20.0
64,Q-Learning,E32,"(87, 31)",14,30.0
64,Q-Learning,E33,"(3, 99)",6,28.0
64,Q-Learning,E34,"(50, 33)",10,14.0
65,Greedy,E18,"(100, 4)",38,18.0
65,Greedy,E20,"(44, 4)",32,20.0
65,Greedy,E21,"(18, 51)",37,28.0
65,Greedy,E22,"(27, 21)",28,14.0
65,Greedy,E23,"(99, 21)",32,27.0
65,Greedy,E24,"(77, 81)",23,22.0
65,Greedy,E25,"(85, 30)",24,11.0
65,Greedy,E26,"(59, 98)",19,19.0
65,Greedy,E27,"(100, 61)",17,11.0
65,Greedy,E28,"(47, 53)",19,26.0
65,Greedy,E29,"(3, 94)",20,28.0
65,Greedy,E30,"(13, 48)",15,20.0
65,Greedy,E31,"(32, 78)",17,18.0
65,Greedy,E32,"(87, 31)",15,30.0
65,Greedy,E33,"(3, 99)",7,28.0
65,Greedy,E34,"(50, 33)",11,14.0
65,Auction,E17,"(10, 77)",39,28.0
65,Auction,E19,"(6, 25)",36,16.0
65,Auction,E20,"(44, 4)",32,20.0
65,Auction,E22,"(27, 21)",28,14.0
65,Auction,E23,"(99, 21)",32,27.0
65,Auction,E24,"(77, 81)",23,22.0
65,Auction,E25,"(85, 30)",24,11.0
65,Auction,E26,"(59, 98)",19,19.0
65,Auction,E27,"(100, 61)",17,11.0
65,Auction,E28,"(47, 53)",19,26.0
65,Auction,E29,"(3, 94)",20,28.0
65,Auction,E30,"(13, 48)",15,20.0
65,Auction,E31,"(32, 78)",17,18.0
65,Auction,E32,"(87, 31)",15,30.0
65,Auction,E33,"(3, 99)",7,28.0
65,Auction,E34,"(50, 33)",11,14.0
65,Q-Learning,E14,"(68, 26)",48,12.0
65,Q-Learning,E15,"(82, 38)",39,16.0
65,Q-Learning,E16,"(52, 50)",38,22.0
65,Q-Learning,E17,"(10, 77)",39,28.0
65,Q-Learning,E18,"(100, 4)",38,18.0
65,Q-Learning,E19,"(6, 25)",36,16.0
65,Q-Learning,E20,"(44, 4)",32,20.0
65,Q-Learning,E21,"(18, 51)",37,28.0
65,Q-Learning,E23,"(99, 21)",32,27.0
65,Q-Learning,E25,"(85, 30)",24,11.0
65,Q-Learning,E26,"(59, 98)",19,19.0
65,Q-Learning,E27,"(100, 61)",17,11.0
65,Q-Learning,E28,"(47, 53)",19,26.0
65,Q-Learning,E29,"(3, 94)",20,28.0
65,Q-Learning,E30,"(13, 48)",15,20.0
65,Q-Learning,E32,"(87, 31)",15,30.0
65,Q-Learning,E33,"(3, 99)",7,28.0
65,Q-Learning,E34,"(50, 33)",11,14.0
66,Greedy,E18,"(100, 4)",39,18.0
66,Greedy,E20,"(44, 4)",33,20.0
66,Greedy,E21,"(18, 51)",38,28.0
66,Greedy,E22,"(27, 21)",29,14.0
66,Greedy,E23,"(99, 21)",33,27.0
66,Greedy,E24,"(77, 81)",24,22.0
66,Greedy,E25,"(85, 30)",25,11.0
66,Greedy,E26,"(59, 98)",20,19.0
66,Greedy,E27,"(100, 61)",18,11.0
66,Greedy,E28,"(47, 53)",20,26.0
66,Greedy,E29,"(3, 94)",21,28.0
66,Greedy,E30,"(13, 48)",16,20.0
66,Greedy,E31,"(32, 78)",18,18.0
66,Greedy,E32,"(87, 31)",16,30.0
66,Greedy,E33,"(3, 99)",8,28.0
66,Greedy,E34,"(50, 33)",12,14.0
66,Auction,E17,"(10, 77)",40,28.0
66,Auction,E19,"(6, 25)",37,16.0
66,Auction,E20,"(44, 4)",33,20.0
66,Auction,E22,"(27, 21)",29,14.0
66,Auction,E23,"(99, 21)",33,27.0
66,Auction,E24,"(77, 81)",24,22.0
66,Auction,E25,"(85, 30)",25,11.0
66,Auction,E26,"(59, 98)",20,19.0
66,Auction,E27,"(100, 61)",18,11.0
66,Auction,E28,"(47, 53)",20,26.0
66,Auction,E29,"(3, 94)",21,28.0
66,Auction,E30,"(13, 48)",16,20.0
66,Auction,E31,"(32, 78)",18,18.0
66,Auction,E32,"(87, 31)",16,30.0
66,Auction,E33,"(3, 99)",8,28.0
66,Auction,E34,"(50, 33)",12,14.0
66,Q-Learning,E14,"(68, 26)",49,12.0
66,Q-Learning,E15,"(82, 38)",40,16.0
66,Q-Learning,E16,"(52, 50)",39,22.0
66,Q-Learning,E17,"(10, 77)",40,28.0
66,Q-Learning,E18,"(100, 4)",39,18.0
66,Q-Learning,E19,"(6, 25)",37,16.0
66,Q-Learning,E20,"(44, 4)",33,20.0
66,Q-Learning,E21,"(18, 51)",38,28.0
66,Q-Learning,E23,"(99, 21)",33,27.0
66,Q-Learning,E25,"(85, 30)",25,11.0
66,Q-Learning,E26,"(59, 98)",20,19.0
66,Q-Learning,E27,"(100, 61)",18,11.0
66,Q-Learning,E28,"(47, 53)",20,26.0
66,Q-Learning,E29,"(3, 94)",21,28.0
66,Q-Learning,E30,"(13, 48)",16,20.0
66,Q-Learning,E32,"(87, 31)",16,30.0
66,Q-Learning,E33,"(3, 99)",8,28.0
66,Q-Learning,E34,"(50, 33)",12,14.0
67,Greedy,E18,"(100, 4)",40,18.0
67,Greedy,E20,"(44, 4)",34,20.0
67,Greedy,E21,"(18, 51)",39,28.0
67,Greedy,E22,"(27, 21)",30,14.0
67,Greedy,E23,"(99, 21)",34,27.0
67,Greedy,E24,"(77, 81)",25,22.0
67,Greedy,E25,"(85, 30)",26,11.0
67,Greedy,E26,"(59, 98)",21,19.0
67,Greedy,E27,"(100, 61)",19,11.0
67,Greedy,E28,"(47, 53)",21,26.0
67,Greedy,E29,"(3, 94)",22,28.0
67,Greedy,E30,"(13, 48)",17,20.0
67,Greedy,E31,"(32, 78)",19,18.0
67,Greedy,E32,"(87, 31)",17,30.0
67,Greedy,E33,"(3, 99)",9,28.0
67,Greedy,E34,"(50, 33)",13,14.0
67,Greedy,E35,"(62, 47)",6,24.0
67,Auction,E17,"(10, 77)",41,28.0
67,Auction,E19,"(6, 25)",38,16.0
67,Auction,E20,"(44, 4)",34,20.0
67,Auction,E22,"(27, 21)",30,14.0
67,Auction,E23,"(99, 21)",34,27.0
67,Auction,E24,"(77, 81)",25,22.0
67,Auction,E25,"(85, 30)",26,11.0
67,Auction,E26,"(59, 98)",21,19.0
67,Auction,E27,"(100, 61)",19,11.0
67,Auction,E28,"(47, 53)",21,26.0
67,Auction,E29,"(3, 94)",22,28.0
67,Auction,E30,"(13, 48)",17,20.0
67,Auction,E31,"(32, 78)",19,18.0
67,Auction,E32,"(87, 31)",17,30.0
67,Auction,E33,"(3, 99)",9,28.0
67,Auction,E34,"(50, 33)",13,14.0
67,Auction,E35,"(62, 47)",6,24.0
67,Q-Learning,E14,"(68, 26)",50,12.0
67,Q-Learning,E15,"(82, 38)",41,16.0
67,Q-Learning,E16,"(52, 50)",40,22.0
67,Q-Learning,E17,"(10, 77)",41,28.0
67,Q-Learning,E18,"(100, 4)",40,18.0
67,Q-Learning,E19,"(6, 25)",38,16.0
67,Q-Learning,E20,"(44, 4)",34,20.0
67,Q-Learning,E21,"(18, 51)",39,28.0
67,Q-Learning,E23,"(99, 21)",34,27.0
67,Q-Learning,E25,"(85, 30)",26,11.0
67,Q-Learning,E26,"(59, 98)",21,19.0
67,Q-Learning,E27,"(100, 61)",19,11.0
67,Q-Learning,E28,"(47, 53)",21,26.0
67,Q-Learning,E29,"(3, 94)",22,28.0
67,Q-Learning,E30,"(13, 48)",17,20.0
67,Q-Learning,E32,"(87, 31)",17,30.0
67,Q-Learning,E33,"(3, 99)",9,28.0
67,Q-Learning,E34,"(50, 33)",13,14.0
67,Q-Learning,E35,"(62, 47)",6,24.0
68,Greedy,E18,"(100, 4)",41,18.0
68,Greedy,E20,"(44, 4)",35,20.0
68,Greedy,E21,"(18, 51)",40,28.0
68,Greedy,E22,"(27, 21)",31,14.0
68,Greedy,E23,"(99, 21)",35,27.0
68,Greedy,E24,"(77, 81)",26,22.0
68,Greedy,E25,"(85, 30)",27,11.0
68,Greedy,E26,"(59, 98)",22,19.0
68,Greedy,E27,"(100, 61)",20,11.0
68,Greedy,E28,"(47, 53)",22,26.0
68,Greedy,E29,"(3, 94)",23,28.0
68,Greedy,E30,"(13, 48)",18,20.0
68,Greedy,E31,"(32, 78)",20,18.0
68,Greedy,E32,"(87, 31)",18,30.0
68,Greedy,E33,"(3, 99)",10,28.0
68,Greedy,E34,"(50, 33)",14,14.0
68,Greedy,E35,"(62, 47)",7,24.0
68,Auction,E17,"(10, 77)",42,28.0
68,Auction,E19,"(6, 25)",39,16.0
68,Auction,E20,"(44, 4)",35,20.0
68,Auction,E22,"(27, 21)",31,14.0
68,Auction,E23,"(99, 21)",35,27.0
68,Auction,E24,"(77, 81)",26,22.0
68,Auction,E25,"(85, 30)",27,11.0
68,Auction,E26,"(59, 98)",22,19.0
68,Auction,E27,"(100, 61)",20,11.0
68,Auction,E28,"(47, 53)",22,26.0
68,Auction,E29,"(3, 94)",23,28.0
68,Auction,E30,"(13, 48)",18,20.0
68,Auction,E31,"(32, 78)",20,18.0
68,Auction,E32,"(87, 31)",18,30.0
68,Auction,E33,"(3, 99)",10,28.0
68,Auction,E34,"(50, 33)",14,14.0
68,Auction,E35,"(62, 47)",7,24.0
68,Q-Learning,E14,"(68, 26)",51,12.0
68,Q-Learning,E15,"(82, 38)",42,16.0
68,Q-Learning,E16,"(52, 50)",41,22.0
68,Q-Learning,E17,"(10, 77)",42,28.0
68,Q-Learning,E18,"(100, 4)",41,18.0
68,Q-Learning,E19,"(6, 25)",39,16.0
68,Q-Learning,E20,"(44, 4)",35,20.0
68,Q-Learning,E21,"(18, 51)",40,28.0
68,Q-Learning,E23,"(99, 21)",35,27.0
68,Q-Learning,E25,"(85, 30)",27,11.0
68,Q-Learning,E26,"(59, 98)",22,19.0
68,Q-Learning,E27,"(100, 61)",20,11.0
68,Q-Learning,E28,"(47, 53)",22,26.0
68,Q-Learning,E29,"(3, 94)",23,28.0
68,Q-Learning,E30,"(13, 48)",18,20.0
68,Q-Learning,E32,"(87, 31)",18,30.0
68,Q-Learning,E33,"(3, 99)",10,28.0
68,Q-Learning,E34,"(50, 33)",14,14.0
68,Q-Learning,E35,"(62, 47)",7,24.0
69,Greedy,E18,"(100, 4)",42,18.0
69,Greedy,E20,"(44, 4)",36,20.0
69,Greedy,E21,"(18, 51)",41,28.0
69,Greedy,E22,"(27, 21)",32,14.0
69,Greedy,E23,"(99, 21)",36,27.0
69,Greedy,E24,"(77, 81)",27,22.0
69,Greedy,E25,"(85, 30)",28,11.0
69,Greedy,E26,"(59, 98)",23,19.0
69,Greedy,E27,"(100, 61)",21,11.0
69,Greedy,E28,"(47, 53)",23,26.0
69,Greedy,E29,"(3, 94)",24,28.0
69,Greedy,E30,"(13, 48)",19,20.0
69,Greedy,E31,"(32, 78)",21,18.0
69,Greedy,E32,"(87, 31)",19,30.0
69,Greedy,E33,"(3, 99)",11,28.0
69,Greedy,E34,"(50, 33)",15,14.0
69,Greedy,E35,"(62, 47)",8,24.0
69,Greedy,E36,"(12, 68)",2,28.0
69,Auction,E17,"(10, 77)",43,28.0
69,Auction,E19,"(6, 25)",40,16.0
69,Auction,E20,"(44, 4)",36,20.0
69,Auction,E22,"(27, 21)",32,14.0
69,Auction,E23,"(99, 21)",36,27.0
69,Auction,E24,"(77, 81)",27,22.0
69,Auction,E25,"(85, 30)",28,11.0
69,Auction,E26,"(59, 98)",23,19.0
69,Auction,E27,"(100, 61)",21,11.0
69,Auction,E28,"(47, 53)",23,26.0
69,Auction,E29,"(3, 94)",24,28.0
69,Auction,E30,"(13, 48)",19,20.0
69,Auction,E31,"(32, 78)",21,18.0
69,Auction,E32,"(87, 31)",19,30.0
69,Auction,E33,"(3, 99)",11,28.0
69,Auction,E34,"(50, 33)",15,14.0
69,Auction,E35,"(62, 47)",8,24.0
69,Auction,E36,"(12, 68)",2,28.0
69,Q-Learning,E14,"(68, 26)",52,12.0
69,Q-Learning,E15,"(82, 38)",43,16.0
69,Q-Learning,E16,"(52, 50)",42,22.0
69,Q-Learning,E17,"(10, 77)",43,28.0
69,Q-Learning,E18,"(100, 4)",42,18.0
69,Q-Learning,E20,"(44, 4)",36,20.0
69,Q-Learning,E21,"(18, 51)",41,28.0
69,Q-Learning,E23,"(99, 21)",36,27.0
69,Q-Learning,E25,"(85, 30)",28,11.0
69,Q-Learning,E26,"(59, 98)",23,19.0
69,Q-Learning,E27,"(100, 61)",21,11.0
69,Q-Learning,E28,"(47, 53)",23,26.0
69,Q-Learning,E29,"(3, 94)",24,28.0
69,Q-Learning,E30,"(13, 48)",19,20.0
69,Q-Learning,E32,"(87, 31)",19,30.0
69,Q-Learning,E33,"(3, 99)",11,28.0
69,Q-Learning,E34,"(50, 33)",15,14.0
69,Q-Learning,E35,"(62, 47)",8,24.0
69,Q-Learning,E36,"(12, 68)",2,28.0
70,Greedy,E18,"(100, 4)",43,18.0
70,Greedy,E20,"(44, 4)",37,20.0
70,Greedy,E21,"(18, 51)",42,28.0
70,Greedy,E22,"(27, 21)",33,14.0
70,Greedy,E23,"(99, 21)",37,27.0
70,Greedy,E24,"(77, 81)",28,22.0
70,Greedy,E25,"(85, 30)",29,11.0
70,Greedy,E26,"(59, 98)",24,19.0
70,Greedy,E27,"(100, 61)",22,11.0
70,Greedy,E28,"(47, 53)",24,26.0
70,Greedy,E29,"(3, 94)",25,28.0
70,Greedy,E30,"(13, 48)",20,20.0
70,Greedy,E31,"(32, 78)",22,18.0
70,Greedy,E32,"(87, 31)",20,30.0
70,Greedy,E33,"(3, 99)",12,28.0
70,Greedy,E34,"(50, 33)",16,14.0
70,Greedy,E35,"(62, 47)",9,24.0
70,Greedy,E36,"(12, 68)",3,28.0
70,Greedy,E37,"(84, 80)",5,24.0
70,Auction,E17,"(10, 77)",44,28.0
70,Auction,E19,"(6, 25)",41,16.0
70,Auction,E20,"(44, 4)",37,20.0
70,Auction,E22,"(27, 21)",33,14.0
70,Auction,E23,"(99, 21)",37,27.0
70,Auction,E24,"(77, 81)",28,22.0
70,Auction,E25,"(85, 30)",29,11.0
70,Auction,E26,"(59, 98)",24,19.0
70,Auction,E27,"(100, 61)",22,11.0
70,Auction,E28,"(47, 53)",24,26.0
70,Auction,E29,"(3, 94)",25,28.0
70,Auction,E30,"(13, 48)",20,20.0
70,Auction,E31,"(32, 78)",22,18.0
70,Auction,E32,"(87, 31)",20,30.0
70,Auction,E33,"(3, 99)",12,28.0
70,Auction,E35,"(62, 47)",9,24.0
70,Auction,E36,"(12, 68)",3,28.0
70,Auction,E37,"(84, 80)",5,24.0
70,Q-Learning,E14,"(68, 26)",53,12.0
70,Q-Learning,E15,"(82, 38)",44,16.0
70,Q-Learning,E16,"(52, 50)",43,22.0
70,Q-Learning,E17,"(10, 77)",44,28.0
70,Q-Learning,E18,"(100, 4)",43,18.0
70,Q-Learning,E20,"(44, 4)",37,20.0
70,Q-Learning,E21,"(18, 51)",42,28.0
70,Q-Learning,E23,"(99, 21)",37,27.0
70,Q-Learning,E25,"(85, 30)",29,11.0
70,Q-Learning,E26,"(59, 98)",24,19.0
70,Q-Learning,E27,"(100, 61)",22,11.0
70,Q-Learning,E28,"(47, 53)",24,26.0
70,Q-Learning,E29,"(3, 94)",25,28.0
70,Q-Learning,E30,"(13, 48)",20,20.0
70,Q-Learning,E32,"(87, 31)",20,30.0
70,Q-Learning,E33,"(3, 99)",12,28.0
70,Q-Learning,E34,"(50, 33)",16,14.0
70,Q-Learning,E35,"(62, 47)",9,24.0
70,Q-Learning,E36,"(12, 68)",3,28.0
70,Q-Learning,E37,"(84, 80)",5,24.0
71,Greedy,E18,"(100, 4)",44,18.0
71,Greedy,E20,"(44, 4)",38,20.0
71,Greedy,E21,"(18, 51)",43,28.0
71,Greedy,E22,"(27, 21)",34,14.0
71,Greedy,E23,"(99, 21)",38,27.0
71,Greedy,E24,"(77, 81)",29,22.0
71,Greedy,E25,"(85, 30)",30,11.0
71,Greedy,E26,"(59, 98)",25,19.0
71,Greedy,E27,"(100, 61)",23,11.0
71,Greedy,E28,"(47, 53)",25,26.0
71,Greedy,E29,"(3, 94)",26,28.0
71,Greedy,E30,"(13, 48)",21,20.0
71,Greedy,E31,"(32, 78)",23,18.0
71,Greedy,E32,"(87, 31)",21,30.0
71,Greedy,E33,"(3, 99)",13,28.0
71,Greedy,E34,"(50, 33)",17,14.0
71,Greedy,E35,"(62, 47)",10,24.0
71,Greedy,E36,"(12, 68)",4,28.0
71,Greedy,E37,"(84, 80)",6,24.0
71,Auction,E17,"(10, 77)",45,28.0
71,Auction,E19,"(6, 25)",42,16.0
71,Auction,E20,"(44, 4)",38,20.0
71,Auction,E22,"(27, 21)",34,14.0
71,Auction,E23,"(99, 21)",38,27.0
71,Auction,E24,"(77, 81)",29,22.0
71,Auction,E26,"(59, 98)",25,19.0
71,Auction,E27,"(100, 61)",23,11.0
71,Auction,E28,"(47, 53)",25,26.0
71,Auction,E29,"(3, 94)",26,28.0
71,Auction,E30,"(13, 48)",21,20.0
71,Auction,E31,"(32, 78)",23,18.0
71,Auction,E32,"(87, 31)",21,30.0
71,Auction,E33,"(3, 99)",13,28.0
71,Auction,E35,"(62, 47)",10,24.0
71,Auction,E36,"(12, 68)",4,28.0
71,Auction,E37,"(84, 80)",6,24.0
71,Q-Learning,E14,"(68, 26)",54,12.0
71,Q-Learning,E15,"(82, 38)",45,16.0
71,Q-Learning,E16,"(52, 50)",44,22.0
71,Q-Learning,E17,"(10, 77)",45,28.0
71,Q-Learning,E18,"(100, 4)",44,18.0
71,Q-Learning,E20,"(44, 4)",38,20.0
71,Q-Learning,E21,"(18, 51)",43,28.0
71,Q-Learning,E23,"(99, 21)",38,27.0
71,Q-Learning,E25,"(85, 30)",30,11.0
71,Q-Learning,E26,"(59, 98)",25,19.0
71,Q-Learning,E27,"(100, 61)",23,11.0
71,Q-Learning,E28,"(47, 53)",25,26.0
71,Q-Learning,E29,"(3, 94)",26,28.0
71,Q-Learning,E30,"(13, 48)",21,20.0
71,Q-Learning,E32,"(87, 31)",21,30.0
71,Q-Learning,E33,"(3, 99)",13,28.0
71,Q-Learning,E34,"(50, 33)",17,14.0
71,Q-Learning,E35,"(62, 47)",10,24.0
71,Q-Learning,E36,"(12, 68)",4,28.0
71,Q-Learning,E37,"(84, 80)",6,24.0
72,Greedy,E18,"(100, 4)",45,18.0
72,Greedy,E20,"(44, 4)",39,20.0
72,Greedy,E21,"(18, 51)",44,28.0
72,Greedy,E22,"(27, 21)",35,14.0
72,Greedy,E23,"(99, 21)",39,27.0
72,Greedy,E24,"(77, 81)",30,22.0
72,Greedy,E25,"(85, 30)",31,11.0
72,Greedy,E26,"(59, 98)",26,19.0
72,Greedy,E27,"(100, 61)",24,11.0
72,Greedy,E28,"(47, 53)",26,26.0
72,Greedy,E29,"(3, 94)",27,28.0
72,Greedy,E30,"(13, 48)",22,20.0
72,Greedy,E31,"(32, 78)",24,18.0
72,Greedy,E32,"(87, 31)",22,30.0
72,Greedy,E33,"(3, 99)",14,28.0
72,Greedy,E34,"(50, 33)",18,14.0
72,Greedy,E35,"(62, 47)",11,24.0
72,Greedy,E36,"(12, 68)",5,28.0
72,Greedy,E37,"(84, 80)",7,24.0
72,Auction,E17,"(10, 77)",46,28.0
72,Auction,E19,"(6, 25)",43,16.0
72,Auction,E20,"(44, 4)",39,20.0
72,Auction,E22,"(27, 21)",35,14.0
72,Auction,E23,"(99, 21)",39,27.0
72,Auction,E24,"(77, 81)",30,22.0
72,Auction,E26,"(59, 98)",26,19.0
72,Auction,E27,"(100, 61)",24,11.0
72,Auction,E28,"(47, 53)",26,26.0
72,Auction,E29,"(3, 94)",27,28.0
72,Auction,E30,"(13, 48)",22,20.0
72,Auction,E31,"(32, 78)",24,18.0
72,Auction,E32,"(87, 31)",22,30.0
72,Auction,E33,"(3, 99)",14,28.0
72,Auction,E35,"(62, 47)",11,24.0
72,Auction,E36,"(12, 68)",5,28.0
72,Auction,E37,"(84, 80)",7,24.0
72,Q-Learning,E14,"(68, 26)",55,12.0
72,Q-Learning,E15,"(82, 38)",46,16.0
72,Q-Learning,E16,"(52, 50)",45,22.0
72,Q-Learning,E17,"(10, 77)",46,28.0
72,Q-Learning,E18,"(100, 4)",45,18.0
72,Q-Learning,E20,"(44, 4)",39,20.0
72,Q-Learning,E21,"(18, 51)",44,28.0
72,Q-Learning,E23,"(99, 21)",39,27.0
72,Q-Learning,E25,"(85, 30)",31,11.0
72,Q-Learning,E26,"(59, 98)",26,19.0
72,Q-Learning,E27,"(100, 61)",24,11.0
72,Q-Learning,E28,"(47, 53)",26,26.0
72,Q-Learning,E29,"(3, 94)",27,28.0
72,Q-Learning,E30,"(13, 48)",22,20.0
72,Q-Learning,E32,"(87, 31)",22,30.0
72,Q-Learning,E33,"(3, 99)",14,28.0
72,Q-Learning,E34,"(50, 33)",18,14.0
72,Q-Learning,E35,"(62, 47)",11,24.0
72,Q-Learning,E36,"(12, 68)",5,28.0
72,Q-Learning,E37,"(84, 80)",7,24.0
73,Greedy,E18,"(100, 4)",46,18.0
73,Greedy,E21,"(18, 51)",45,28.0
73,Greedy,E22,"(27, 21)",36,14.0
73,Greedy,E23,"(99, 21)",40,27.0
73,Greedy,E24,"(77, 81)",31,22.0
73,Greedy,E25,"(85, 30)",32,11.0
73,Greedy,E26,"(59, 98)",27,19.0
73,Greedy,E27,"(100, 61)",25,11.0
73,Greedy,E28,"(47, 53)",27,26.0
73,Greedy,E29,"(3, 94)",28,28.0
73,Greedy,E30,"(13, 48)",23,20.0
73,Greedy,E31,"(32, 78)",25,18.0
73,Greedy,E32,"(87, 31)",23,30.0
73,Greedy,E33,"(3, 99)",15,28.0
73,Greedy,E34,"(50, 33)",19,14.0
73,Greedy,E35,"(62, 47)",12,24.0
73,Greedy,E36,"(12, 68)",6,28.0
73,Greedy,E37,"(84, 80)",8,24.0
73,Auction,E17,"(10, 77)",47,28.0
73,Auction,E19,"(6, 25)",44,16.0
73,Auction,E20,"(44, 4)",40,20.0
73,Auction,E22,"(27, 21)",36,14.0
73,Auction,E23,"(99, 21)",40,27.0
73,Auction,E24,"(77, 81)",31,22.0
73,Auction,E26,"(59, 98)",27,19.0
73,Auction,E27,"(100, 61)",25,11.0
73,Auction,E28,"(47, 53)",27,26.0
73,Auction,E29,"(3, 94)",28,28.0
73,Auction,E30,"(13, 48)",23,20.0
73,Auction,E31,"(32, 78)",25,18.0
73,Auction,E32,"(87, 31)",23,30.0
73,Auction,E33,"(3, 99)",15,28.0
73,Auction,E35,"(62, 47)",12,24.0
73,Auction,E36,"(12, 68)",6,28.0
73,Auction,E37,"(84, 80)",8,24.0
73,Q-Learning,E14,"(68, 26)",56,12.0
73,Q-Learning,E15,"(82, 38)",47,16.0
73,Q-Learning,E16,"(52, 50)",46,22.0
73,Q-Learning,E17,"(10, 77)",47,28.0
73,Q-Learning,E18,"(100, 4)",46,18.0
73,Q-Learning,E20,"(44, 4)",40,20.0
73,Q-Learning,E21,"(18, 51)",45,28.0
73,Q-Learning,E23,"(99, 21)",40,27.0
73,Q-Learning,E25,"(85, 30)",32,11.0
73,Q-Learning,E26,"(59, 98)",27,19.0
73,Q-Learning,E27,"(100, 61)",25,11.0
73,Q-Learning,E28,"(47, 53)",27,26.0
73,Q-Learning,E29,"(3, 94)",28,28.0
73,Q-Learning,E30,"(13, 48)",23,20.0
73,Q-Learning,E32,"(87, 31)",23,30.0
73,Q-Learning,E33,"(3, 99)",15,28.0
73,Q-Learning,E34,"(50, 33)",19,14.0
73,Q-Learning,E35,"(62, 47)",12,24.0
73,Q-Learning,E36,"(12, 68)",6,28.0
73,Q-Learning,E37,"(84, 80)",8,24.0
74,Greedy,E18,"(100, 4)",47,18.0
74,Greedy,E21,"(18, 51)",46,28.0
74,Greedy,E23,"(99, 21)",41,27.0
74,Greedy,E24,"(77, 81)",32,22.0
74,Greedy,E25,"(85, 30)",33,11.0
74,Greedy,E26,"(59, 98)",28,19.0
74,Greedy,E27,"(100, 61)",26,11.0
74,Greedy,E28,"(47, 53)",28,26.0
74,Greedy,E29,"(3, 94)",29,28.0
74,Greedy,E30,"(13, 48)",24,20.0
74,Greedy,E31,"(32, 78)",26,18.0
74,Greedy,E32,"(87, 31)",24,30.0
74,Greedy,E33,"(3, 99)",16,28.0
74,Greedy,E34,"(50, 33)",20,14.0
74,Greedy,E35,"(62, 47)",13,24.0
74,Greedy,E36,"(12, 68)",7,28.0
74,Greedy,E37,"(84, 80)",9,24.0
74,Greedy,E38,"(71, 98)",6,26.0
74,Auction,E17,"(10, 77)",48,28.0
74,Auction,E19,"(6, 25)",45,16.0
74,Auction,E20,"(44, 4)",41,20.0
74,Auction,E22,"(27, 21)",37,14.0
74,Auction,E23,"(99, 21)",41,27.0
74,Auction,E24,"(77, 81)",32,22.0
74,Auction,E26,"(59, 98)",28,19.0
74,Auction,E27,"(100, 61)",26,11.0
74,Auction,E28,"(47, 53)",28,26.0
74,Auction,E29,"(3, 94)",29,28.0
74,Auction,E30,"(13, 48)",24,20.0
74,Auction,E31,"(32, 78)",26,18.0
74,Auction,E32,"(87, 31)",24,30.0
74,Auction,E33,"(3, 99)",16,28.0
74,Auction,E35,"(62, 47)",13,24.0
74,Auction,E36,"(12, 68)",7,28.0
74,Auction,E37,"(84, 80)",9,24.0
74,Auction,E38,"(71, 98)",6,26.0
74,Q-Learning,E14,"(68, 26)",57,12.0
74,Q-Learning,E15,"(82, 38)",48,16.0
74,Q-Learning,E16,"(52, 50)",47,22.0
74,Q-Learning,E17,"(10, 77)",48,28.0
74,Q-Learning,E18,"(100, 4)",47,18.0
74,Q-Learning,E20,"(44, 4)",41,20.0
74,Q-Learning,E21,"(18, 51)",46,28.0
74,Q-Learning,E23,"(99, 21)",41,27.0
74,Q-Learning,E25,"(85, 30)",33,11.0
74,Q-Learning,E26,"(59, 98)",28,19.0
74,Q-Learning,E27,"(100, 61)",26,11.0
74,Q-Learning,E28,"(47, 53)",28,26.0
74,Q-Learning,E29,"(3, 94)",29,28.0
74,Q-Learning,E30,"(13, 48)",24,20.0
74,Q-Learning,E32,"(87, 31)",24,30.0
74,Q-Learning,E33,"(3, 99)",16,28.0
74,Q-Learning,E34,"(50, 33)",20,14.0
74,Q-Learning,E35,"(62, 47)",13,24.0
74,Q-Learning,E36,"(12, 68)",7,28.0
74,Q-Learning,E37,"(84, 80)",9,24.0
74,Q-Learning,E38,"(71, 98)",6,26.0
75,Greedy,E18,"(100, 4)",48,18.0
75,Greedy,E21,"(18, 51)",47,28.0
75,Greedy,E23,"(99, 21)",42,27.0
75,Greedy,E24,"(77, 81)",33,22.0
75,Greedy,E25,"(85, 30)",34,11.0
75,Greedy,E26,"(59, 98)",29,19.0
75,Greedy,E27,"(100, 61)",27,11.0
75,Greedy,E28,"(47, 53)",29,26.0
75,Greedy,E29,"(3, 94)",30,28.0
75,Greedy,E30,"(13, 48)",25,20.0
75,Greedy,E31,"(32, 78)",27,18.0
75,Greedy,E32,"(87, 31)",25,30.0
75,Greedy,E33,"(3, 99)",17,28.0
75,Greedy,E34,"(50, 33)",21,14.0
75,Greedy,E35,"(62, 47)",14,24.0
75,Greedy,E36,"(12, 68)",8,28.0
75,Greedy,E37,"(84, 80)",10,24.0
75,Greedy,E38,"(71, 98)",7,26.0
75,Greedy,E39,"(93, 89)",4,13.0
75,Auction,E17,"(10, 77)",49,28.0
75,Auction,E19,"(6, 25)",46,16.0
75,Auction,E20,"(44, 4)",42,20.0
75,Auction,E22,"(27, 21)",38,14.0
75,Auction,E23,"(99, 21)",42,27.0
75,Auction,E24,"(77, 81)",33,22.0
75,Auction,E26,"(59, 98)",29,19.0
75,Auction,E27,"(100, 61)",27,11.0
75,Auction,E28,"(47, 53)",29,26.0
75,Auction,E29,"(3, 94)",30,28.0
75,Auction,E30,"(13, 48)",25,20.0
75,Auction,E31,"(32, 78)",27,18.0
75,Auction,E32,"(87, 31)",25,30.0
75,Auction,E33,"(3, 99)",17,28.0
75,Auction,E35,"(62, 47)",14,24.0
75,Auction,E36,"(12, 68)",8,28.0
75,Auction,E37,"(84, 80)",10,24.0
75,Auction,E38,"(71, 98)",7,26.0
75,Auction,E39,"(93, 89)",4,13.0
75,Q-Learning,E14,"(68, 26)",58,12.0
75,Q-Learning,E15,"(82, 38)",49,16.0
75,Q-Learning,E16,"(52, 50)",48,22.0
75,Q-Learning,E17,"(10, 77)",49,28.0
75,Q-Learning,E18,"(100, 4)",48,18.0
75,Q-Learning,E20,"(44, 4)",42,20.0
75,Q-Learning,E21,"(18, 51)",47,28.0
75,Q-Learning,E23,"(99, 21)",42,27.0
75,Q-Learning,E25,"(85, 30)",34,11.0
75,Q-Learning,E26,"(59, 98)",29,19.0
75,Q-Learning,E27,"(100, 61)",27,11.0
75,Q-Learning,E28,"(47, 53)",29,26.0
75,Q-Learning,E29,"(3, 94)",30,28.0
75,Q-Learning,E30,"(13, 48)",25,20.0
75,Q-Learning,E32,"(87, 31)",25,30.0
75,Q-Learning,E33,"(3, 99)",17,28.0
75,Q-Learning,E34,"(50, 33)",21,14.0
75,Q-Learning,E35,"(62, 47)",14,24.0
75,Q-Learning,E36,"(12, 68)",8,28.0
75,Q-Learning,E37,"(84, 80)",10,24.0
75,Q-Learning,E38,"(71, 98)",7,26.0
75,Q-Learning,E39,"(93, 89)",4,13.0
76,Greedy,E18,"(100, 4)",49,18.0
76,Greedy,E21,"(18, 51)",48,28.0
76,Greedy,E23,"(99, 21)",43,27.0
76,Greedy,E24,"(77, 81)",34,22.0
76,Greedy,E25,"(85, 30)",35,11.0
76,Greedy,E26,"(59, 98)",30,19.0
76,Greedy,E27,"(100, 61)",28,11.0
76,Greedy,E28,"(47, 53)",30,26.0
76,Greedy,E29,"(3, 94)",31,28.0
76,Greedy,E30,"(13, 48)",26,20.0
76,Greedy,E31,"(32, 78)",28,18.0
76,Greedy,E32,"(87, 31)",26,30.0
76,Greedy,E33,"(3, 99)",18,28.0
76,Greedy,E34,"(50, 33)",22,14.0
76,Greedy,E35,"(62, 47)",15,24.0
76,Greedy,E36,"(12, 68)",9,28.0
76,Greedy,E37,"(84, 80)",11,24.0
76,Greedy,E38,"(71, 98)",8,26.0
76,Greedy,E39,"(93, 89)",5,13.0
76,Auction,E17,"(10, 77)",50,28.0
76,Auction,E19,"(6, 25)",47,16.0
76,Auction,E20,"(44, 4)",43,20.0
76,Auction,E22,"(27, 21)",39,14.0
76,Auction,E23,"(99, 21)",43,27.0
76,Auction,E24,"(77, 81)",34,22.0
76,Auction,E26,"(59, 98)",30,19.0
76,Auction,E27,"(100, 61)",28,11.0
76,Auction,E29,"(3, 94)",31,28.0
76,Auction,E30,"(13, 48)",26,20.0
76,Auction,E31,"(32, 78)",28,18.0
76,Auction,E32,"(87, 31)",26,30.0
76,Auction,E33,"(3, 99)",18,28.0
76,Auction,E35,"(62, 47)",15,24.0
76,Auction,E36,"(12, 68)",9,28.0
76,Auction,E37,"(84, 80)",11,24.0
76,Auction,E38,"(71, 98)",8,26.0
76,Auction,E39,"(93, 89)",5,13.0
76,Q-Learning,E14,"(68, 26)",59,12.0
76,Q-Learning,E15,"(82, 38)",50,16.0
76,Q-Learning,E16,"(52, 50)",49,22.0
76,Q-Learning,E17,"(10, 77)",50,28.0
76,Q-Learning,E18,"(100, 4)",49,18.0
76,Q-Learning,E20,"(44, 4)",43,20.0
76,Q-Learning,E21,"(18, 51)",48,28.0
76,Q-Learning,E23,"(99, 21)",43,27.0
76,Q-Learning,E25,"(85, 30)",35,11.0
76,Q-Learning,E26,"(59, 98)",30,19.0
76,Q-Learning,E27,"(100, 61)",28,11.0
76,Q-Learning,E28,"(47, 53)",30,26.0
76,Q-Learning,E29,"(3, 94)",31,28.0
76,Q-Learning,E30,"(13, 48)",26,20.0
76,Q-Learning,E32,"(87, 31)",26,30.0
76,Q-Learning,E33,"(3, 99)",18,28.0
76,Q-Learning,E34,"(50, 33)",22,14.0
76,Q-Learning,E35,"(62, 47)",15,24.0
76,Q-Learning,E36,"(12, 68)",9,28.0
76,Q-Learning,E37,"(84, 80)",11,24.0
76,Q-Learning,E38,"(71, 98)",8,26.0
76,Q-Learning,E39,"(93, 89)",5,13.0
77,Greedy,E18,"(100, 4)",50,18.0
77,Greedy,E21,"(18, 51)",49,28.0
77,Greedy,E23,"(99, 21)",44,27.0
77,Greedy,E24,"(77, 81)",35,22.0
77,Greedy,E25,"(85, 30)",36,11.0
77,Greedy,E26,"(59, 98)",31,19.0
77,Greedy,E27,"(100, 61)",29,11.0
77,Greedy,E28,"(47, 53)",31,26.0
77,Greedy,E29,"(3, 94)",32,28.0
77,Greedy,E30,"(13, 48)",27,20.0
77,Greedy,E31,"(32, 78)",29,18.0
77,Greedy,E32,"(87, 31)",27,30.0
77,Greedy,E33,"(3, 99)",19,28.0
77,Greedy,E34,"(50, 33)",23,14.0
77,Greedy,E35,"(62, 47)",16,24.0
77,Greedy,E36,"(12, 68)",10,28.0
77,Greedy,E37,"(84, 80)",12,24.0
77,Greedy,E38,"(71, 98)",9,26.0
77,Greedy,E39,"(93, 89)",6,13.0
77,Auction,E17,"(10, 77)",51,28.0
77,Auction,E19,"(6, 25)",48,16.0
77,Auction,E20,"(44, 4)",44,20.0
77,Auction,E22,"(27, 21)",40,14.0
77,Auction,E23,"(99, 21)",44,27.0
77,Auction,E24,"(77, 81)",35,22.0
77,Auction,E26,"(59, 98)",31,19.0
77,Auction,E27,"(100, 61)",29,11.0
77,Auction,E29,"(3, 94)",32,28.0
77,Auction,E30,"(13, 48)",27,20.0
77,Auction,E31,"(32, 78)",29,18.0
77,Auction,E32,"(87, 31)",27,30.0
77,Auction,E33,"(3, 99)",19,28.0
77,Auction,E35,"(62, 47)",16,24.0
77,Auction,E36,"(12, 68)",10,28.0
77,Auction,E37,"(84, 80)",12,24.0
77,Auction,E38,"(71, 98)",9,26.0
77,Auction,E39,"(93, 89)",6,13.0
77,Q-Learning,E15,"(82, 38)",51,16.0
77,Q-Learning,E16,"(52, 50)",50,22.0
77,Q-Learning,E17,"(10, 77)",51,28.0
77,Q-Learning,E18,"(100, 4)",50,18.0
77,Q-Learning,E20,"(44, 4)",44,20.0
77,Q-Learning,E21,"(18, 51)",49,28.0
77,Q-Learning,E23,"(99, 21)",44,27.0
77,Q-Learning,E25,"(85, 30)",36,11.0
77,Q-Learning,E26,"(59, 98)",31,19.0
77,Q-Learning,E27,"(100, 61)",29,11.0
77,Q-Learning,E28,"(47, 53)",31,26.0
77,Q-Learning,E29,"(3, 94)",32,28.0
77,Q-Learning,E30,"(13, 48)",27,20.0
77,Q-Learning,E32,"(87, 31)",27,30.0
77,Q-Learning,E33,"(3, 99)",19,28.0
77,Q-Learning,E34,"(50, 33)",23,14.0
77,Q-Learning,E35,"(62, 47)",16,24.0
77,Q-Learning,E36,"(12, 68)",10,28.0
77,Q-Learning,E37,"(84, 80)",12,24.0
77,Q-Learning,E38,"(71, 98)",9,26.0
77,Q-Learning,E39,"(93, 89)",6,13.0
78,Greedy,E18,"(100, 4)",51,18.0
78,Greedy,E21,"(18, 51)",50,28.0
78,Greedy,E23,"(99, 21)",45,27.0
78,Greedy,E24,"(77, 81)",36,22.0
78,Greedy,E25,"(85, 30)",37,11.0
78,Greedy,E26,"(59, 98)",32,19.0
78,Greedy,E27,"(100, 61)",30,11.0
78,Greedy,E28,"(47, 53)",32,26.0
78,Greedy,E29,"(3, 94)",33,28.0
78,Greedy,E30,"(13, 48)",28,20.0
78,Greedy,E31,"(32, 78)",30,18.0
78,Greedy,E32,"(87, 31)",28,30.0
78,Greedy,E33,"(3, 99)",20,28.0
78,Greedy,E34,"(50, 33)",24,14.0
78,Greedy,E35,"(62, 47)",17,24.0
78,Greedy,E36,"(12, 68)",11,28.0
78,Greedy,E37,"(84, 80)",13,24.0
78,Greedy,E38,"(71, 98)",10,26.0
78,Greedy,E39,"(93, 89)",7,13.0
78,Greedy,E40,"(12, 97)",8,26.0
78,Auction,E17,"(10, 77)",52,28.0
78,Auction,E19,"(6, 25)",49,16.0
78,Auction,E20,"(44, 4)",45,20.0
78,Auction,E22,"(27, 21)",41,14.0
78,Auction,E23,"(99, 21)",45,27.0
78,Auction,E24,"(77, 81)",36,22.0
78,Auction,E26,"(59, 98)",32,19.0
78,Auction,E27,"(100, 61)",30,11.0
78,Auction,E29,"(3, 94)",33,28.0
78,Auction,E30,"(13, 48)",28,20.0
78,Auction,E31,"(32, 78)",30,18.0
78,Auction,E32,"(87, 31)",28,30.0
78,Auction,E33,"(3, 99)",20,28.0
78,Auction,E35,"(62, 47)",17,24.0
78,Auction,E36,"(12, 68)",11,28.0
78,Auction,E37,"(84, 80)",13,24.0
78,Auction,E38,"(71, 98)",10,26.0
78,Auction,E39,"(93, 89)",7,13.0
78,Auction,E40,"(12, 97)",8,26.0
78,Q-Learning,E15,"(82, 38)",52,16.0
78,Q-Learning,E16,"(52, 50)",51,22.0
78,Q-Learning,E17,"(10, 77)",52,28.0
78,Q-Learning,E18,"(100, 4)",51,18.0
78,Q-Learning,E20,"(44, 4)",45,20.0
78,Q-Learning,E21,"(18, 51)",50,28.0
78,Q-Learning,E23,"(99, 21)",45,27.0
78,Q-Learning,E25,"(85, 30)",37,11.0
78,Q-Learning,E26,"(59, 98)",32,19.0
78,Q-Learning,E27,"(100, 61)",30,11.0
78,Q-Learning,E28,"(47, 53)",32,26.0
78,Q-Learning,E29,"(3, 94)",33,28.0
78,Q-Learning,E30,"(13, 48)",28,20.0
78,Q-Learning,E32,"(87, 31)",28,30.0
78,Q-Learning,E33,"(3, 99)",20,28.0
78,Q-Learning,E34,"(50, 33)",24,14.0
78,Q-Learning,E35,"(62, 47)",17,24.0
78,Q-Learning,E36,"(12, 68)",11,28.0
78,Q-Learning,E37,"(84, 80)",13,24.0
78,Q-Learning,E38,"(71, 98)",10,26.0
78,Q-Learning,E39,"(93, 89)",7,13.0
78,Q-Learning,E40,"(12, 97)",8,26.0
79,Greedy,E18,"(100, 4)",52,18.0
79,Greedy,E21,"(18, 51)",51,28.0
79,Greedy,E23,"(99, 21)",46,27.0
79,Greedy,E24,"(77, 81)",37,22.0
79,Greedy,E25,"(85, 30)",38,11.0
79,Greedy,E26,"(59, 98)",33,19.0
79,Greedy,E27,"(100, 61)",31,11.0
79,Greedy,E28,"(47, 53)",33,26.0
79,Greedy,E29,"(3, 94)",34,28.0
79,Greedy,E30,"(13, 48)",29,20.0
79,Greedy,E31,"(32, 78)",31,18.0
79,Greedy,E32,"(87, 31)",29,30.0
79,Greedy,E33,"(3, 99)",21,28.0
79,Greedy,E34,"(50, 33)",25,14.0
79,Greedy,E35,"(62, 47)",18,24.0
79,Greedy,E36,"(12, 68)",12,28.0
79,Greedy,E37,"(84, 80)",14,24.0
79,Greedy,E38,"(71, 98)",11,26.0
79,Greedy,E39,"(93, 89)",8,13.0
79,Greedy,E40,"(12, 97)",9,26.0
79,Auction,E17,"(10, 77)",53,28.0
79,Auction,E19,"(6, 25)",50,16.0
79,Auction,E20,"(44, 4)",46,20.0
79,Auction,E22,"(27, 21)",42,14.0
79,Auction,E23,"(99, 21)",46,27.0
79,Auction,E24,"(77, 81)",37,22.0
79,Auction,E26,"(59, 98)",33,19.0
79,Auction,E27,"(100, 61)",31,11.0
79,Auction,E29,"(3, 94)",34,28.0
79,Auction,E30,"(13, 48)",29,20.0
79,Auction,E31,"(32, 78)",31,18.0
79,Auction,E32,"(87, 31)",29,30.0
79,Auction,E33,"(3, 99)",21,28.0
79,Auction,E35,"(62, 47)",18,24.0
79,Auction,E36,"(12, 68)",12,28.0
79,Auction,E37,"(84, 80)",14,24.0
79,Auction,E38,"(71, 98)",11,26.0
79,Auction,E39,"(93, 89)",8,13.0
79,Auction,E40,"(12, 97)",9,26.0
79,Q-Learning,E15,"(82, 38)",53,16.0
79,Q-Learning,E16,"(52, 50)",52,22.0
79,Q-Learning,E17,"(10, 77)",53,28.0
79,Q-Learning,E18,"(100, 4)",52,18.0
79,Q-Learning,E20,"(44, 4)",46,20.0
79,Q-Learning,E21,"(18, 51)",51,28.0
79,Q-Learning,E23,"(99, 21)",46,27.0
79,Q-Learning,E25,"(85, 30)",38,11.0
79,Q-Learning,E26,"(59, 98)",33,19.0
79,Q-Learning,E27,"(100, 61)",31,11.0
79,Q-Learning,E28,"(47, 53)",33,26.0
79,Q-Learning,E29,"(3, 94)",34,28.0
79,Q-Learning,E30,"(13, 48)",29,20.0
79,Q-Learning,E32,"(87, 31)",29,30.0
79,Q-Learning,E33,"(3, 99)",21,28.0
79,Q-Learning,E34,"(50, 33)",25,14.0
79,Q-Learning,E35,"(62, 47)",18,24.0
79,Q-Learning,E36,"(12, 68)",12,28.0
79,Q-Learning,E37,"(84, 80)",14,24.0
79,Q-Learning,E38,"(71, 98)",11,26.0
79,Q-Learning,E39,"(93, 89)",8,13.0
79,Q-Learning,E40,"(12, 97)",9,26.0
80,Greedy,E18,"(100, 4)",53,18.0
80,Greedy,E21,"(18, 51)",52,28.0
80,Greedy,E23,"(99, 21)",47,27.0
80,Greedy,E24,"(77, 81)",38,22.0
80,Greedy,E25,"(85, 30)",39,11.0
80,Greedy,E26,"(59, 98)",34,19.0
80,Greedy,E27,"(100, 61)",32,11.0
80,Greedy,E28,"(47, 53)",34,26.0
80,Greedy,E29,"(3, 94)",35,28.0
80,Greedy,E30,"(13, 48)",30,20.0
80,Greedy,E31,"(32, 78)",32,18.0
80,Greedy,E32,"(87, 31)",30,30.0
80,Greedy,E33,"(3, 99)",22,28.0
80,Greedy,E34,"(50, 33)",26,14.0
80,Greedy,E35,"(62, 47)",19,24.0
80,Greedy,E36,"(12, 68)",13,28.0
80,Greedy,E37,"(84, 80)",15,24.0
80,Greedy,E38,"(71, 98)",12,26.0
80,Greedy,E39,"(93, 89)",9,13.0
80,Greedy,E40,"(12, 97)",10,26.0
80,Auction,E17,"(10, 77)",54,28.0
80,Auction,E19,"(6, 25)",51,16.0
80,Auction,E20,"(44, 4)",47,20.0
80,Auction,E22,"(27, 21)",43,14.0
80,Auction,E23,"(99, 21)",47,27.0
80,Auction,E24,"(77, 81)",38,22.0
80,Auction,E26,"(59, 98)",34,19.0
80,Auction,E27,"(100, 61)",32,11.0
80,Auction,E29,"(3, 94)",35,28.0
80,Auction,E30,"(13, 48)",30,20.0
80,Auction,E31,"(32, 78)",32,18.0
80,Auction,E32,"(87, 31)",30,30.0
80,Auction,E33,"(3, 99)",22,28.0
80,Auction,E35,"(62, 47)",19,24.0
80,Auction,E36,"(12, 68)",13,28.0
80,Auction,E37,"(84, 80)",15,24.0
80,Auction,E38,"(71, 98)",12,26.0
80,Auction,E39,"(93, 89)",9,13.0
80,Auction,E40,"(12, 97)",10,26.0
80,Q-Learning,E15,"(82, 38)",54,16.0
80,Q-Learning,E16,"(52, 50)",53,22.0
80,Q-Learning,E17,"(10, 77)",54,28.0
80,Q-Learning,E18,"(100, 4)",53,18.0
80,Q-Learning,E20,"(44, 4)",47,20.0
80,Q-Learning,E21,"(18, 51)",52,28.0
80,Q-Learning,E23,"(99, 21)",47,27.0
80,Q-Learning,E25,"(85, 30)",39,11.0
80,Q-Learning,E26,"(59, 98)",34,19.0
80,Q-Learning,E27,"(100, 61)",32,11.0
80,Q-Learning,E28,"(47, 53)",34,26.0
80,Q-Learning,E29,"(3, 94)",35,28.0
80,Q-Learning,E30,"(13, 48)",30,20.0
80,Q-Learning,E32,"(87, 31)",30,30.0
80,Q-Learning,E33,"(3, 99)",22,28.0
80,Q-Learning,E34,"(50, 33)",26,14.0
80,Q-Learning,E35,"(62, 47)",19,24.0
80,Q-Learning,E36,"(12, 68)",13,28.0
80,Q-Learning,E37,"(84, 80)",15,24.0
80,Q-Learning,E38,"(71, 98)",12,26.0
80,Q-Learning,E39,"(93, 89)",9,13.0
80,Q-Learning,E40,"(12, 97)",10,26.0
81,Greedy,E18,"(100, 4)",54,18.0
81,Greedy,E21,"(18, 51)",53,28.0
81,Greedy,E23,"(99, 21)",48,27.0
81,Greedy,E24,"(77, 81)",39,22.0
81,Greedy,E25,"(85, 30)",40,11.0
81,Greedy,E26,"(59, 98)",35,19.0
81,Greedy,E27,"(100, 61)",33,11.0
81,Greedy,E28,"(47, 53)",35,26.0
81,Greedy,E29,"(3, 94)",36,28.0
81,Greedy,E30,"(13, 48)",31,20.0
81,Greedy,E31,"(32, 78)",33,18.0
81,Greedy,E32,"(87, 31)",31,30.0
81,Greedy,E33,"(3, 99)",23,28.0
81,Greedy,E34,"(50, 33)",27,14.0
81,Greedy,E35,"(62, 47)",20,24.0
81,Greedy,E36,"(12, 68)",14,28.0
81,Greedy,E37,"(84, 80)",16,24.0
81,Greedy,E38,"(71, 98)",13,26.0
81,Greedy,E39,"(93, 89)",10,13.0
81,Greedy,E40,"(12, 97)",11,26.0
81,Auction,E17,"(10, 77)",55,28.0
81,Auction,E19,"(6, 25)",52,16.0
81,Auction,E20,"(44, 4)",48,20.0
81,Auction,E22,"(27, 21)",44,14.0
81,Auction,E23,"(99, 21)",48,27.0
81,Auction,E24,"(77, 81)",39,22.0
81,Auction,E26,"(59, 98)",35,19.0
81,Auction,E27,"(100, 61)",33,11.0
81,Auction,E29,"(3, 94)",36,28.0
81,Auction,E30,"(13, 48)",31,20.0
81,Auction,E31,"(32, 78)",33,18.0
81,Auction,E32,"(87, 31)",31,30.0
81,Auction,E33,"(3, 99)",23,28.0
81,Auction,E35,"(62, 47)",20,24.0
81,Auction,E36,"(12, 68)",14,28.0
81,Auction,E37,"(84, 80)",16,24.0
81,Auction,E38,"(71, 98)",13,26.0
81,Auction,E40,"(12, 97)",11,26.0
81,Auction,E41,"(62, 62)",9,10.0
81,Q-Learning,E15,"(82, 38)",55,16.0
81,Q-Learning,E16,"(52, 50)",54,22.0
81,Q-Learning,E17,"(10, 77)",55,28.0
81,Q-Learning,E18,"(100, 4)",54,18.0
81,Q-Learning,E20,"(44, 4)",48,20.0
81,Q-Learning,E21,"(18, 51)",53,28.0
81,Q-Learning,E23,"(99, 21)",48,27.0
81,Q-Learning,E25,"(85, 30)",40,11.0
81,Q-Learning,E26,"(59, 98)",35,19.0
81,Q-Learning,E27,"(100, 61)",33,11.0
81,Q-Learning,E28,"(47, 53)",35,26.0
81,Q-Learning,E29,"(3, 94)",36,28.0
81,Q-Learning,E30,"(13, 48)",31,20.0
81,Q-Learning,E32,"(87, 31)",31,30.0
81,Q-Learning,E33,"(3, 99)",23,28.0
81,Q-Learning,E34,"(50, 33)",27,14.0
81,Q-Learning,E35,"(62, 47)",20,24.0
81,Q-Learning,E36,"(12, 68)",14,28.0
81,Q-Learning,E37,"(84, 80)",16,24.0
81,Q-Learning,E38,"(71, 98)",13,26.0
81,Q-Learning,E39,"(93, 89)",10,13.0
81,Q-Learning,E40,"(12, 97)",11,26.0
82,Greedy,E18,"(100, 4)",55,18.0
82,Greedy,E21,"(18, 51)",54,28.0
82,Greedy,E23,"(99, 21)",49,27.0
82,Greedy,E24,"(77, 81)",40,22.0
82,Greedy,E25,"(85, 30)",41,11.0
82,Greedy,E26,"(59, 98)",36,19.0
82,Greedy,E27,"(100, 61)",34,11.0
82,Greedy,E28,"(47, 53)",36,26.0
82,Greedy,E29,"(3, 94)",37,28.0
82,Greedy,E30,"(13, 48)",32,20.0
82,Greedy,E31,"(32, 78)",34,18.0
82,Greedy,E32,"(87, 31)",32,30.0
82,Greedy,E33,"(3, 99)",24,28.0
82,Greedy,E34,"(50, 33)",28,14.0
82,Greedy,E35,"(62, 47)",21,24.0
82,Greedy,E36,"(12, 68)",15,28.0
82,Greedy,E37,"(84, 80)",17,24.0
82,Greedy,E38,"(71, 98)",14,26.0
82,Greedy,E39,"(93, 89)",11,13.0
82,Greedy,E40,"(12, 97)",12,26.0
82,Auction,E17,"(10, 77)",56,28.0
82,Auction,E19,"(6, 25)",53,16.0
82,Auction,E20,"(44, 4)",49,20.0
82,Auction,E22,"(27, 21)",45,14.0
82,Auction,E23,"(99, 21)",49,27.0
82,Auction,E24,"(77, 81)",40,22.0
82,Auction,E26,"(59, 98)",36,19.0
82,Auction,E27,"(100, 61)",34,11.0
82,Auction,E29,"(3, 94)",37,28.0
82,Auction,E30,"(13, 48)",32,20.0
82,Auction,E31,"(32, 78)",34,18.0
82,Auction,E32,"(87, 31)",32,30.0
82,Auction,E33,"(3, 99)",24,28.0
82,Auction,E35,"(62, 47)",21,24.0
82,Auction,E36,"(12, 68)",15,28.0
82,Auction,E37,"(84, 80)",17,24.0
82,Auction,E38,"(71, 98)",14,26.0
82,Auction,E40,"(12, 97)",12,26.0
82,Auction,E41,"(62, 62)",10,10.0
82,Q-Learning,E15,"(82, 38)",56,16.0
82,Q-Learning,E16,"(52, 50)",55,22.0
82,Q-Learning,E17,"(10, 77)",56,28.0
82,Q-Learning,E18,"(100, 4)",55,18.0
82,Q-Learning,E20,"(44, 4)",49,20.0
82,Q-Learning,E21,"(18, 51)",54,28.0
82,Q-Learning,E23,"(99, 21)",49,27.0
82,Q-Learning,E25,"(85, 30)",41,11.0
82,Q-Learning,E26,"(59, 98)",36,19.0
82,Q-Learning,E27,"(100, 61)",34,11.0
82,Q-Learning,E28,"(47, 53)",36,26.0
82,Q-Learning,E29,"(3, 94)",37,28.0
82,Q-Learning,E30,"(13, 48)",32,20.0
82,Q-Learning,E32,"(87, 31)",32,30.0
82,Q-Learning,E33,"(3, 99)",24,28.0
82,Q-Learning,E34,"(50, 33)",28,14.0
82,Q-Learning,E35,"(62, 47)",21,24.0
82,Q-Learning,E36,"(12, 68)",15,28.0
82,Q-Learning,E37,"(84, 80)",17,24.0
82,Q-Learning,E38,"(71, 98)",14,26.0
82,Q-Learning,E39,"(93, 89)",11,13.0
82,Q-Learning,E40,"(12, 97)",12,26.0
83,Greedy,E18,"(100, 4)",56,18.0
83,Greedy,E21,"(18, 51)",55,28.0
83,Greedy,E23,"(99, 21)",50,27.0
83,Greedy,E24,"(77, 81)",41,22.0
83,Greedy,E25,"(85, 30)",42,11.0
83,Greedy,E26,"(59, 98)",37,19.0
83,Greedy,E27,"(100, 61)",35,11.0
83,Greedy,E28,"(47, 53)",37,26.0
83,Greedy,E29,"(3, 94)",38,28.0
83,Greedy,E30,"(13, 48)",33,20.0
83,Greedy,E31,"(32, 78)",35,18.0
83,Greedy,E32,"(87, 31)",33,30.0
83,Greedy,E33,"(3, 99)",25,28.0
83,Greedy,E34,"(50, 33)",29,14.0
83,Greedy,E35,"(62, 47)",22,24.0
83,Greedy,E36,"(12, 68)",16,28.0
83,Greedy,E37,"(84, 80)",18,24.0
83,Greedy,E38,"(71, 98)",15,26.0
83,Greedy,E39,"(93, 89)",12,13.0
83,Greedy,E40,"(12, 97)",13,26.0
83,Greedy,E42,"(84, 90)",5,12.0
83,Auction,E17,"(10, 77)",57,28.0
83,Auction,E19,"(6, 25)",54,16.0
83,Auction,E20,"(44, 4)",50,20.0
83,Auction,E22,"(27, 21)",46,14.0
83,Auction,E23,"(99, 21)",50,27.0
83,Auction,E24,"(77, 81)",41,22.0
83,Auction,E26,"(59, 98)",37,19.0
83,Auction,E27,"(100, 61)",35,11.0
83,Auction,E29,"(3, 94)",38,28.0
83,Auction,E30,"(13, 48)",33,20.0
83,Auction,E31,"(32, 78)",35,18.0
83,Auction,E32,"(87, 31)",33,30.0
83,Auction,E33,"(3, 99)",25,28.0
83,Auction,E35,"(62, 47)",22,24.0
83,Auction,E36,"(12, 68)",16,28.0
83,Auction,E37,"(84, 80)",18,24.0
83,Auction,E38,"(71, 98)",15,26.0
83,Auction,E40,"(12, 97)",13,26.0
83,Auction,E41,"(62, 62)",11,10.0
83,Auction,E42,"(84, 90)",5,12.0
83,Q-Learning,E15,"(82, 38)",57,16.0
83,Q-Learning,E16,"(52, 50)",56,22.0
83,Q-Learning,E17,"(10, 77)",57,28.0
83,Q-Learning,E18,"(100, 4)",56,18.0
83,Q-Learning,E20,"(44, 4)",50,20.0
83,Q-Learning,E21,"(18, 51)",55,28.0
83,Q-Learning,E23,"(99, 21)",50,27.0
83,Q-Learning,E25,"(85, 30)",42,11.0
83,Q-Learning,E26,"(59, 98)",37,19.0
83,Q-Learning,E27,"(100, 61)",35,11.0
83,Q-Learning,E28,"(47, 53)",37,26.0
83,Q-Learning,E29,"(3, 94)",38,28.0
83,Q-Learning,E30,"(13, 48)",33,20.0
83,Q-Learning,E32,"(87, 31)",33,30.0
83,Q-Learning,E33,"(3, 99)",25,28.0
83,Q-Learning,E34,"(50, 33)",29,14.0
83,Q-Learning,E35,"(62, 47)",22,24.0
83,Q-Learning,E36,"(12, 68)",16,28.0
83,Q-Learning,E37,"(84, 80)",18,24.0
83,Q-Learning,E38,"(71, 98)",15,26.0
83,Q-Learning,E39,"(93, 89)",12,13.0
83,Q-Learning,E40,"(12, 97)",13,26.0
83,Q-Learning,E42,"(84, 90)",5,12.0
84,Greedy,E18,"(100, 4)",57,18.0
84,Greedy,E21,"(18, 51)",56,28.0
84,Greedy,E23,"(99, 21)",51,27.0
84,Greedy,E24,"(77, 81)",42,22.0
84,Greedy,E25,"(85, 30)",43,11.0
84,Greedy,E26,"(59, 98)",38,19.0
84,Greedy,E27,"(100, 61)",36,11.0
84,Greedy,E28,"(47, 53)",38,26.0
84,Greedy,E29,"(3, 94)",39,28.0
84,Greedy,E30,"(13, 48)",34,20.0
84,Greedy,E31,"(32, 78)",36,18.0
84,Greedy,E32,"(87, 31)",34,30.0
84,Greedy,E33,"(3, 99)",26,28.0
84,Greedy,E34,"(50, 33)",30,14.0
84,Greedy,E35,"(62, 47)",23,24.0
84,Greedy,E36,"(12, 68)",17,28.0
84,Greedy,E37,"(84, 80)",19,24.0
84,Greedy,E38,"(71, 98)",16,26.0
84,Greedy,E39,"(93, 89)",13,13.0
84,Greedy,E40,"(12, 97)",14,26.0
84,Greedy,E42,"(84, 90)",6,12.0
84,Greedy,E43,"(53, 98)",5,16.0
84,Auction,E17,"(10, 77)",58,28.0
84,Auction,E19,"(6, 25)",55,16.0
84,Auction,E20,"(44, 4)",51,20.0
84,Auction,E22,"(27, 21)",47,14.0
84,Auction,E23,"(99, 21)",51,27.0
84,Auction,E24,"(77, 81)",42,22.0
84,Auction,E26,"(59, 98)",38,19.0
84,Auction,E27,"(100, 61)",36,11.0
84,Auction,E29,"(3, 94)",39,28.0
84,Auction,E30,"(13, 48)",34,20.0
84,Auction,E31,"(32, 78)",36,18.0
84,Auction,E32,"(87, 31)",34,30.0
84,Auction,E33,"(3, 99)",26,28.0
84,Auction,E35,"(62, 47)",23,24.0
84,Auction,E36,"(12, 68)",17,28.0
84,Auction,E37,"(84, 80)",19,24.0
84,Auction,E38,"(71, 98)",16,26.0
84,Auction,E40,"(12, 97)",14,26.0
84,Auction,E41,"(62, 62)",12,10.0
84,Auction,E42,"(84, 90)",6,12.0
84,Auction,E43,"(53, 98)",5,16.0
84,Q-Learning,E16,"(52, 50)",57,22.0
84,Q-Learning,E17,"(10, 77)",58,28.0
84,Q-Learning,E18,"(100, 4)",57,18.0
84,Q-Learning,E20,"(44, 4)",51,20.0
84,Q-Learning,E21,"(18, 51)",56,28.0
84,Q-Learning,E23,"(99, 21)",51,27.0
84,Q-Learning,E25,"(85, 30)",43,11.0
84,Q-Learning,E26,"(59, 98)",38,19.0
84,Q-Learning,E27,"(100, 61)",36,11.0
84,Q-Learning,E28,"(47, 53)",38,26.0
84,Q-Learning,E29,"(3, 94)",39,28.0
84,Q-Learning,E30,"(13, 48)",34,20.0
84,Q-Learning,E32,"(87, 31)",34,30.0
84,Q-Learning,E33,"(3, 99)",26,28.0
84,Q-Learning,E34,"(50, 33)",30,14.0
84,Q-Learning,E35,"(62, 47)",23,24.0
84,Q-Learning,E36,"(12, 68)",17,28.0
84,Q-Learning,E37,"(84, 80)",19,24.0
84,Q-Learning,E38,"(71, 98)",16,26.0
84,Q-Learning,E39,"(93, 89)",13,13.0
84,Q-Learning,E40,"(12, 97)",14,26.0
84,Q-Learning,E42,"(84, 90)",6,12.0
84,Q-Learning,E43,"(53, 98)",5,16.0
85,Greedy,E18,"(100, 4)",58,18.0
85,Greedy,E21,"(18, 51)",57,28.0
85,Greedy,E23,"(99, 21)",52,27.0
85,Greedy,E24,"(77, 81)",43,22.0
85,Greedy,E25,"(85, 30)",44,11.0
85,Greedy,E26,"(59, 98)",39,19.0
85,Greedy,E27,"(100, 61)",37,11.0
85,Greedy,E28,"(47, 53)",39,26.0
85,Greedy,E29,"(3, 94)",40,28.0
85,Greedy,E30,"(13, 48)",35,20.0
85,Greedy,E31,"(32, 78)",37,18.0
85,Greedy,E32,"(87, 31)",35,30.0
85,Greedy,E33,"(3, 99)",27,28.0
85,Greedy,E34,"(50, 33)",31,14.0
85,Greedy,E35,"(62, 47)",24,24.0
85,Greedy,E36,"(12, 68)",18,28.0
85,Greedy,E37,"(84, 80)",20,24.0
85,Greedy,E38,"(71, 98)",17,26.0
85,Greedy,E39,"(93, 89)",14,13.0
85,Greedy,E40,"(12, 97)",15,26.0
85,Greedy,E42,"(84, 90)",7,12.0
85,Greedy,E43,"(53, 98)",6,16.0
85,Auction,E17,"(10, 77)",59,28.0
85,Auction,E19,"(6, 25)",56,16.0
85,Auction,E20,"(44, 4)",52,20.0
85,Auction,E22,"(27, 21)",48,14.0
85,Auction,E23,"(99, 21)",52,27.0
85,Auction,E24,"(77, 81)",43,22.0
85,Auction,E26,"(59, 98)",39,19.0
85,Auction,E27,"(100, 61)",37,11.0
85,Auction,E29,"(3, 94)",40,28.0
85,Auction,E30,"(13, 48)",35,20.0
85,Auction,E31,"(32, 78)",37,18.0
85,Auction,E32,"(87, 31)",35,30.0
85,Auction,E33,"(3, 99)",27,28.0
85,Auction,E35,"(62, 47)",24,24.0
85,Auction,E36,"(12, 68)",18,28.0
85,Auction,E37,"(84, 80)",20,24.0
85,Auction,E38,"(71, 98)",17,26.0
85,Auction,E40,"(12, 97)",15,26.0
85,Auction,E41,"(62, 62)",13,10.0
85,Auction,E42,"(84, 90)",7,12.0
85,Auction,E43,"(53, 98)",6,16.0
85,Q-Learning,E16,"(52, 50)",58,22.0
85,Q-Learning,E17,"(10, 77)",59,28.0
85,Q-Learning,E18,"(100, 4)",58,18.0
85,Q-Learning,E20,"(44, 4)",52,20.0
85,Q-Learning,E21,"(18, 51)",57,28.0
85,Q-Learning,E23,"(99, 21)",52,27.0
85,Q-Learning,E25,"(85, 30)",44,11.0
85,Q-Learning,E26,"(59, 98)",39,19.0
85,Q-Learning,E27,"(100, 61)",37,11.0
85,Q-Learning,E28,"(47, 53)",39,26.0
85,Q-Learning,E29,"(3, 94)",40,28.0
85,Q-Learning,E30,"(13, 48)",35,20.0
85,Q-Learning,E32,"(87, 31)",35,30.0
85,Q-Learning,E33,"(3, 99)",27,28.0
85,Q-Learning,E34,"(50, 33)",31,14.0
85,Q-Learning,E35,"(62, 47)",24,24.0
85,Q-Learning,E36,"(12, 68)",18,28.0
85,Q-Learning,E37,"(84, 80)",20,24.0
85,Q-Learning,E38,"(71, 98)",17,26.0
85,Q-Learning,E39,"(93, 89)",14,13.0
85,Q-Learning,E40,"(12, 97)",15,26.0
85,Q-Learning,E42,"(84, 90)",7,12.0
85,Q-Learning,E43,"(53, 98)",6,16.0
86,Greedy,E18,"(100, 4)",59,18.0
86,Greedy,E21,"(18, 51)",58,28.0
86,Greedy,E23,"(99, 21)",53,27.0
86,Greedy,E24,"(77, 81)",44,22.0
86,Greedy,E25,"(85, 30)",45,11.0
86,Greedy,E26,"(59, 98)",40,19.0
86,Greedy,E27,"(100, 61)",38,11.0
86,Greedy,E28,"(47, 53)",40,26.0
86,Greedy,E29,"(3, 94)",41,28.0
86,Greedy,E30,"(13, 48)",36,20.0
86,Greedy,E31,"(32, 78)",38,18.0
86,Greedy,E32,"(87, 31)",36,30.0
86,Greedy,E33,"(3, 99)",28,28.0
86,Greedy,E34,"(50, 33)",32,14.0
86,Greedy,E35,"(62, 47)",25,24.0
86,Greedy,E36,"(12, 68)",19,28.0
86,Greedy,E37,"(84, 80)",21,24.0
86,Greedy,E38,"(71, 98)",18,26.0
86,Greedy,E39,"(93, 89)",15,13.0
86,Greedy,E40,"(12, 97)",16,26.0
86,Greedy,E42,"(84, 90)",8,12.0
86,Greedy,E43,"(53, 98)",7,16.0
86,Auction,E17,"(10, 77)",60,28.0
86,Auction,E19,"(6, 25)",57,16.0
86,Auction,E20,"(44, 4)",53,20.0
86,Auction,E22,"(27, 21)",49,14.0
86,Auction,E23,"(99, 21)",53,27.0
86,Auction,E24,"(77, 81)",44,22.0
86,Auction,E26,"(59, 98)",40,19.0
86,Auction,E27,"(100, 61)",38,11.0
86,Auction,E29,"(3, 94)",41,28.0
86,Auction,E30,"(13, 48)",36,20.0
86,Auction,E31,"(32, 78)",38,18.0
86,Auction,E32,"(87, 31)",36,30.0
86,Auction,E33,"(3, 99)",28,28.0
86,Auction,E35,"(62, 47)",25,24.0
86,Auction,E36,"(12, 68)",19,28.0
86,Auction,E37,"(84, 80)",21,24.0
86,Auction,E38,"(71, 98)",18,26.0
86,Auction,E40,"(12, 97)",16,26.0
86,Auction,E41,"(62, 62)",14,10.0
86,Auction,E42,"(84, 90)",8,12.0
86,Auction,E43,"(53, 98)",7,16.0
86,Q-Learning,E16,"(52, 50)",59,22.0
86,Q-Learning,E17,"(10, 77)",60,28.0
86,Q-Learning,E18,"(100, 4)",59,18.0
86,Q-Learning,E20,"(44, 4)",53,20.0
86,Q-Learning,E21,"(18, 51)",58,28.0
86,Q-Learning,E23,"(99, 21)",53,27.0
86,Q-Learning,E25,"(85, 30)",45,11.0
86,Q-Learning,E26,"(59, 98)",40,19.0
86,Q-Learning,E27,"(100, 61)",38,11.0
86,Q-Learning,E28,"(47, 53)",40,26.0
86,Q-Learning,E29,"(3, 94)",41,28.0
86,Q-Learning,E30,"(13, 48)",36,20.0
86,Q-Learning,E32,"(87, 31)",36,30.0
86,Q-Learning,E33,"(3, 99)",28,28.0
86,Q-Learning,E34,"(50, 33)",32,14.0
86,Q-Learning,E35,"(62, 47)",25,24.0
86,Q-Learning,E36,"(12, 68)",19,28.0
86,Q-Learning,E37,"(84, 80)",21,24.0
86,Q-Learning,E38,"(71, 98)",18,26.0
86,Q-Learning,E39,"(93, 89)",15,13.0
86,Q-Learning,E40,"(12, 97)",16,26.0
86,Q-Learning,E42,"(84, 90)",8,12.0
86,Q-Learning,E43,"(53, 98)",7,16.0
87,Greedy,E18,"(100, 4)",60,18.0
87,Greedy,E21,"(18, 51)",59,28.0
87,Greedy,E23,"(99, 21)",54,27.0
87,Greedy,E24,"(77, 81)",45,22.0
87,Greedy,E25,"(85, 30)",46,11.0
87,Greedy,E26,"(59, 98)",41,19.0
87,Greedy,E27,"(100, 61)",39,11.0
87,Greedy,E28,"(47, 53)",41,26.0
87,Greedy,E29,"(3, 94)",42,28.0
87,Greedy,E30,"(13, 48)",37,20.0
87,Greedy,E31,"(32, 78)",39,18.0
87,Greedy,E32,"(87, 31)",37,30.0
87,Greedy,E33,"(3, 99)",29,28.0
87,Greedy,E34,"(50, 33)",33,14.0
87,Greedy,E35,"(62, 47)",26,24.0
87,Greedy,E36,"(12, 68)",20,28.0
87,Greedy,E37,"(84, 80)",22,24.0
87,Greedy,E38,"(71, 98)",19,26.0
87,Greedy,E39,"(93, 89)",16,13.0
87,Greedy,E40,"(12, 97)",17,26.0
87,Greedy,E42,"(84, 90)",9,12.0
87,Greedy,E43,"(53, 98)",8,16.0
87,Greedy,E44,"(12, 88)",4,16.0
87,Auction,E17,"(10, 77)",61,28.0
87,Auction,E19,"(6, 25)",58,16.0
87,Auction,E20,"(44, 4)",54,20.0
87,Auction,E22,"(27, 21)",50,14.0
87,Auction,E23,"(99, 21)",54,27.0
87,Auction,E24,"(77, 81)",45,22.0
87,Auction,E26,"(59, 98)",41,19.0
87,Auction,E27,"(100, 61)",39,11.0
87,Auction,E29,"(3, 94)",42,28.0
87,Auction,E30,"(13, 48)",37,20.0
87,Auction,E31,"(32, 78)",39,18.0
87,Auction,E32,"(87, 31)",37,30.0
87,Auction,E33,"(3, 99)",29,28.0
87,Auction,E35,"(62, 47)",26,24.0
87,Auction,E36,"(12, 68)",20,28.0
87,Auction,E37,"(84, 80)",22,24.0
87,Auction,E38,"(71, 98)",19,26.0
87,Auction,E40,"(12, 97)",17,26.0
87,Auction,E41,"(62, 62)",15,10.0
87,Auction,E42,"(84, 90)",9,12.0
87,Auction,E43,"(53, 98)",8,16.0
87,Q-Learning,E16,"(52, 50)",60,22.0
87,Q-Learning,E17,"(10, 77)",61,28.0
87,Q-Learning,E18,"(100, 4)",60,18.0
87,Q-Learning,E20,"(44, 4)",54,20.0
87,Q-Learning,E21,"(18, 51)",59,28.0
87,Q-Learning,E23,"(99, 21)",54,27.0
87,Q-Learning,E25,"(85, 30)",46,11.0
87,Q-Learning,E26,"(59, 98)",41,19.0
87,Q-Learning,E27,"(100, 61)",39,11.0
87,Q-Learning,E28,"(47, 53)",41,26.0
87,Q-Learning,E29,"(3, 94)",42,28.0
87,Q-Learning,E30,"(13, 48)",37,20.0
87,Q-Learning,E32,"(87, 31)",37,30.0
87,Q-Learning,E33,"(3, 99)",29,28.0
87,Q-Learning,E34,"(50, 33)",33,14.0
87,Q-Learning,E35,"(62, 47)",26,24.0
87,Q-Learning,E36,"(12, 68)",20,28.0
87,Q-Learning,E37,"(84, 80)",22,24.0
87,Q-Learning,E38,"(71, 98)",19,26.0
87,Q-Learning,E39,"(93, 89)",16,13.0
87,Q-Learning,E40,"(12, 97)",17,26.0
87,Q-Learning,E42,"(84, 90)",9,12.0
87,Q-Learning,E43,"(53, 98)",8,16.0
88,Greedy,E18,"(100, 4)",61,18.0
88,Greedy,E21,"(18, 51)",60,28.0
88,Greedy,E23,"(99, 21)",55,27.0
88,Greedy,E24,"(77, 81)",46,22.0
88,Greedy,E25,"(85, 30)",47,11.0
88,Greedy,E26,"(59, 98)",42,19.0
88,Greedy,E27,"(100, 61)",40,11.0
88,Greedy,E28,"(47, 53)",42,26.0
88,Greedy,E29,"(3, 94)",43,28.0
88,Greedy,E30,"(13, 48)",38,20.0
88,Greedy,E31,"(32, 78)",40,18.0
88,Greedy,E32,"(87, 31)",38,30.0
88,Greedy,E33,"(3, 99)",30,28.0
88,Greedy,E34,"(50, 33)",34,14.0
88,Greedy,E35,"(62, 47)",27,24.0
88,Greedy,E36,"(12, 68)",21,28.0
88,Greedy,E37,"(84, 80)",23,24.0
88,Greedy,E38,"(71, 98)",20,26.0
88,Greedy,E39,"(93, 89)",17,13.0
88,Greedy,E40,"(12, 97)",18,26.0
88,Greedy,E42,"(84, 90)",10,12.0
88,Greedy,E43,"(53, 98)",9,16.0
88,Greedy,E44,"(12, 88)",5,16.0
88,Greedy,E45,"(43, 48)",2,30.0
88,Auction,E17,"(10, 77)",62,28.0
88,Auction,E19,"(6, 25)",59,16.0
88,Auction,E20,"(44, 4)",55,20.0
88,Auction,E22,"(27, 21)",51,14.0
88,Auction,E23,"(99, 21)",55,27.0
88,Auction,E24,"(77, 81)",46,22.0
88,Auction,E26,"(59, 98)",42,19.0
88,Auction,E27,"(100, 61)",40,11.0
88,Auction,E29,"(3, 94)",43,28.0
88,Auction,E30,"(13, 48)",38,20.0
88,Auction,E31,"(32, 78)",40,18.0
88,Auction,E32,"(87, 31)",38,30.0
88,Auction,E33,"(3, 99)",30,28.0
88,Auction,E35,"(62, 47)",27,24.0
88,Auction,E36,"(12, 68)",21,28.0
88,Auction,E37,"(84, 80)",23,24.0
88,Auction,E38,"(71, 98)",20,26.0
88,Auction,E40,"(12, 97)",18,26.0
88,Auction,E41,"(62, 62)",16,10.0
88,Auction,E42,"(84, 90)",10,12.0
88,Auction,E43,"(53, 98)",9,16.0
88,Auction,E45,"(43, 48)",2,30.0
88,Q-Learning,E16,"(52, 50)",61,22.0
88,Q-Learning,E17,"(10, 77)",62,28.0
88,Q-Learning,E18,"(100, 4)",61,18.0
88,Q-Learning,E20,"(44, 4)",55,20.0
88,Q-Learning,E21,"(18, 51)",60,28.0
88,Q-Learning,E23,"(99, 21)",55,27.0
88,Q-Learning,E25,"(85, 30)",47,11.0
88,Q-Learning,E26,"(59, 98)",42,19.0
88,Q-Learning,E27,"(100, 61)",40,11.0
88,Q-Learning,E28,"(47, 53)",42,26.0
88,Q-Learning,E29,"(3, 94)",43,28.0
88,Q-Learning,E30,"(13, 48)",38,20.0
88,Q-Learning,E32,"(87, 31)",38,30.0
88,Q-Learning,E33,"(3, 99)",30,28.0
88,Q-Learning,E34,"(50, 33)",34,14.0
88,Q-Learning,E35,"(62, 47)",27,24.0
88,Q-Learning,E36,"(12, 68)",21,28.0
88,Q-Learning,E37,"(84, 80)",23,24.0
88,Q-Learning,E38,"(71, 98)",20,26.0
88,Q-Learning,E39,"(93, 89)",17,13.0
88,Q-Learning,E40,"(12, 97)",18,26.0
88,Q-Learning,E42,"(84, 90)",10,12.0
88,Q-Learning,E43,"(53, 98)",9,16.0
88,Q-Learning,E45,"(43, 48)",2,30.0
89,Greedy,E18,"(100, 4)",62,18.0
89,Greedy,E21,"(18, 51)",61,28.0
89,Greedy,E23,"(99, 21)",56,27.0
89,Greedy,E24,"(77, 81)",47,22.0
89,Greedy,E25,"(85, 30)",48,11.0
89,Greedy,E26,"(59, 98)",43,19.0
89,Greedy,E27,"(100, 61)",41,11.0
89,Greedy,E28,"(47, 53)",43,26.0
89,Greedy,E29,"(3, 94)",44,28.0
89,Greedy,E30,"(13, 48)",39,20.0
89,Greedy,E31,"(32, 78)",41,18.0
89,Greedy,E32,"(87, 31)",39,30.0
89,Greedy,E33,"(3, 99)",31,28.0
89,Greedy,E34,"(50, 33)",35,14.0
89,Greedy,E35,"(62, 47)",28,24.0
89,Greedy,E36,"(12, 68)",22,28.0
89,Greedy,E37,"(84, 80)",24,24.0
89,Greedy,E38,"(71, 98)",21,26.0
89,Greedy,E39,"(93, 89)",18,13.0
89,Greedy,E40,"(12, 97)",19,26.0
89,Greedy,E42,"(84, 90)",11,12.0
89,Greedy,E43,"(53, 98)",10,16.0
89,Greedy,E44,"(12, 88)",6,16.0
89,Greedy,E45,"(43, 48)",3,30.0
89,Auction,E17,"(10, 77)",63,28.0
89,Auction,E19,"(6, 25)",60,16.0
89,Auction,E20,"(44, 4)",56,20.0
89,Auction,E22,"(27, 21)",52,14.0
89,Auction,E23,"(99, 21)",56,27.0
89,Auction,E24,"(77, 81)",47,22.0
89,Auction,E26,"(59, 98)",43,19.0
89,Auction,E27,"(100, 61)",41,11.0
89,Auction,E29,"(3, 94)",44,28.0
89,Auction,E30,"(13, 48)",39,20.0
89,Auction,E31,"(32, 78)",41,18.0
89,Auction,E32,"(87, 31)",39,30.0
89,Auction,E33,"(3, 99)",31,28.0
89,Auction,E35,"(62, 47)",28,24.0
89,Auction,E36,"(12, 68)",22,28.0
89,Auction,E37,"(84, 80)",24,24.0
89,Auction,E38,"(71, 98)",21,26.0
89,Auction,E40,"(12, 97)",19,26.0
89,Auction,E41,"(62, 62)",17,10.0
89,Auction,E42,"(84, 90)",11,12.0
89,Auction,E43,"(53, 98)",10,16.0
89,Auction,E45,"(43, 48)",3,30.0
89,Q-Learning,E16,"(52, 50)",62,22.0
89,Q-Learning,E17,"(10, 77)",63,28.0
89,Q-Learning,E18,"(100, 4)",62,18.0
89,Q-Learning,E20,"(44, 4)",56,20.0
89,Q-Learning,E21,"(18, 51)",61,28.0
89,Q-Learning,E23,"(99, 21)",56,27.0
89,Q-Learning,E25,"(85, 30)",48,11.0
89,Q-Learning,E26,"(59, 98)",43,19.0
89,Q-Learning,E27,"(100, 61)",41,11.0
89,Q-Learning,E28,"(47, 53)",43,26.0
89,Q-Learning,E29,"(3, 94)",44,28.0
89,Q-Learning,E30,"(13, 48)",39,20.0
89,Q-Learning,E32,"(87, 31)",39,30.0
89,Q-Learning,E33,"(3, 99)",31,28.0
89,Q-Learning,E34,"(50, 33)",35,14.0
89,Q-Learning,E35,"(62, 47)",28,24.0
89,Q-Learning,E36,"(12, 68)",22,28.0
89,Q-Learning,E37,"(84, 80)",24,24.0
89,Q-Learning,E38,"(71, 98)",21,26.0
89,Q-Learning,E39,"(93, 89)",18,13.0
89,Q-Learning,E40,"(12, 97)",19,26.0
89,Q-Learning,E42,"(84, 90)",11,12.0
89,Q-Learning,E43,"(53, 98)",10,16.0
89,Q-Learning,E45,"(43, 48)",3,30.0
90,Greedy,E18,"(100, 4)",63,18.0
90,Greedy,E21,"(18, 51)",62,28.0
90,Greedy,E23,"(99, 21)",57,27.0
90,Greedy,E24,"(77, 81)",48,22.0
90,Greedy,E25,"(85, 30)",49,11.0
90,Greedy,E26,"(59, 98)",44,19.0
90,Greedy,E27,"(100, 61)",42,11.0
90,Greedy,E28,"(47, 53)",44,26.0
90,Greedy,E29,"(3, 94)",45,28.0
90,Greedy,E30,"(13, 48)",40,20.0
90,Greedy,E31,"(32, 78)",42,18.0
90,Greedy,E32,"(87, 31)",40,30.0
90,Greedy,E33,"(3, 99)",32,28.0
90,Greedy,E34,"(50, 33)",36,14.0
90,Greedy,E35,"(62, 47)",29,24.0
90,Greedy,E36,"(12, 68)",23,28.0
90,Greedy,E37,"(84, 80)",25,24.0
90,Greedy,E38,"(71, 98)",22,26.0
90,Greedy,E39,"(93, 89)",19,13.0
90,Greedy,E40,"(12, 97)",20,26.0
90,Greedy,E42,"(84, 90)",12,12.0
90,Greedy,E43,"(53, 98)",11,16.0
90,Greedy,E44,"(12, 88)",7,16.0
90,Greedy,E45,"(43, 48)",4,30.0
90,Auction,E17,"(10, 77)",64,28.0
90,Auction,E19,"(6, 25)",61,16.0
90,Auction,E20,"(44, 4)",57,20.0
90,Auction,E22,"(27, 21)",53,14.0
90,Auction,E23,"(99, 21)",57,27.0
90,Auction,E24,"(77, 81)",48,22.0
90,Auction,E26,"(59, 98)",44,19.0
90,Auction,E27,"(100, 61)",42,11.0
90,Auction,E29,"(3, 94)",45,28.0
90,Auction,E30,"(13, 48)",40,20.0
90,Auction,E31,"(32, 78)",42,18.0
90,Auction,E32,"(87, 31)",40,30.0
90,Auction,E33,"(3, 99)",32,28.0
90,Auction,E35,"(62, 47)",29,24.0
90,Auction,E36,"(12, 68)",23,28.0
90,Auction,E37,"(84, 80)",25,24.0
90,Auction,E38,"(71, 98)",22,26.0
90,Auction,E40,"(12, 97)",20,26.0
90,Auction,E41,"(62, 62)",18,10.0
90,Auction,E42,"(84, 90)",12,12.0
90,Auction,E43,"(53, 98)",11,16.0
90,Auction,E45,"(43, 48)",4,30.0
90,Q-Learning,E16,"(52, 50)",63,22.0
90,Q-Learning,E17,"(10, 77)",64,28.0
90,Q-Learning,E18,"(100, 4)",63,18.0
90,Q-Learning,E20,"(44, 4)",57,20.0
90,Q-Learning,E21,"(18, 51)",62,28.0
90,Q-Learning,E23,"(99, 21)",57,27.0
90,Q-Learning,E25,"(85, 30)",49,11.0
90,Q-Learning,E26,"(59, 98)",44,19.0
90,Q-Learning,E27,"(100, 61)",42,11.0
90,Q-Learning,E28,"(47, 53)",44,26.0
90,Q-Learning,E29,"(3, 94)",45,28.0
90,Q-Learning,E30,"(13, 48)",40,20.0
90,Q-Learning,E32,"(87, 31)",40,30.0
90,Q-Learning,E33,"(3, 99)",32,28.0
90,Q-Learning,E34,"(50, 33)",36,14.0
90,Q-Learning,E35,"(62, 47)",29,24.0
90,Q-Learning,E36,"(12, 68)",23,28.0
90,Q-Learning,E37,"(84, 80)",25,24.0
90,Q-Learning,E38,"(71, 98)",22,26.0
90,Q-Learning,E39,"(93, 89)",19,13.0
90,Q-Learning,E40,"(12, 97)",20,26.0
90,Q-Learning,E42,"(84, 90)",12,12.0
90,Q-Learning,E43,"(53, 98)",11,16.0
90,Q-Learning,E45,"(43, 48)",4,30.0
91,Greedy,E18,"(100, 4)",64,18.0
91,Greedy,E21,"(18, 51)",63,28.0
91,Greedy,E23,"(99, 21)",58,27.0
91,Greedy,E24,"(77, 81)",49,22.0
91,Greedy,E25,"(85, 30)",50,11.0
91,Greedy,E26,"(59, 98)",45,19.0
91,Greedy,E27,"(100, 61)",43,11.0
91,Greedy,E28,"(47, 53)",45,26.0
91,Greedy,E29,"(3, 94)",46,28.0
91,Greedy,E30,"(13, 48)",41,20.0
91,Greedy,E31,"(32, 78)",43,18.0
91,Greedy,E32,"(87, 31)",41,30.0
91,Greedy,E33,"(3, 99)",33,28.0
91,Greedy,E34,"(50, 33)",37,14.0
91,Greedy,E35,"(62, 47)",30,24.0
91,Greedy,E36,"(12, 68)",24,28.0
91,Greedy,E37,"(84, 80)",26,24.0
91,Greedy,E38,"(71, 98)",23,26.0
91,Greedy,E39,"(93, 89)",20,13.0
91,Greedy,E40,"(12, 97)",21,26.0
91,Greedy,E42,"(84, 90)",13,12.0
91,Greedy,E43,"(53, 98)",12,16.0
91,Greedy,E44,"(12, 88)",8,16.0
91,Greedy,E45,"(43, 48)",5,30.0
91,Greedy,E46,"(95, 62)",4,23.0
91,Auction,E17,"(10, 77)",65,28.0
91,Auction,E19,"(6, 25)",62,16.0
91,Auction,E20,"(44, 4)",58,20.0
91,Auction,E22,"(27, 21)",54,14.0
91,Auction,E23,"(99, 21)",58,27.0
91,Auction,E24,"(77, 81)",49,22.0
91,Auction,E26,"(59, 98)",45,19.0
91,Auction,E27,"(100, 61)",43,11.0
91,Auction,E29,"(3, 94)",46,28.0
91,Auction,E30,"(13, 48)",41,20.0
91,Auction,E31,"(32, 78)",43,18.0
91,Auction,E32,"(87, 31)",41,30.0
91,Auction,E33,"(3, 99)",33,28.0
91,Auction,E35,"(62, 47)",30,24.0
91,Auction,E36,"(12, 68)",24,28.0
91,Auction,E37,"(84, 80)",26,24.0
91,Auction,E38,"(71, 98)",23,26.0
91,Auction,E40,"(12, 97)",21,26.0
91,Auction,E41,"(62, 62)",19,10.0
91,Auction,E42,"(84, 90)",13,12.0
91,Auction,E43,"(53, 98)",12,16.0
91,Auction,E45,"(43, 48)",5,30.0
91,Auction,E46,"(95, 62)",4,23.0
91,Q-Learning,E16,"(52, 50)",64,22.0
91,Q-Learning,E17,"(10, 77)",65,28.0
91,Q-Learning,E18,"(100, 4)",64,18.0
91,Q-Learning,E20,"(44, 4)",58,20.0
91,Q-Learning,E21,"(18, 51)",63,28.0
91,Q-Learning,E23,"(99, 21)",58,27.0
91,Q-Learning,E25,"(85, 30)",50,11.0
91,Q-Learning,E26,"(59, 98)",45,19.0
91,Q-Learning,E27,"(100, 61)",43,11.0
91,Q-Learning,E28,"(47, 53)",45,26.0
91,Q-Learning,E29,"(3, 94)",46,28.0
91,Q-Learning,E30,"(13, 48)",41,20.0
91,Q-Learning,E32,"(87, 31)",41,30.0
91,Q-Learning,E33,"(3, 99)",33,28.0
91,Q-Learning,E34,"(50, 33)",37,14.0
91,Q-Learning,E35,"(62, 47)",30,24.0
91,Q-Learning,E36,"(12, 68)",24,28.0
91,Q-Learning,E37,"(84, 80)",26,24.0
91,Q-Learning,E38,"(71, 98)",23,26.0
91,Q-Learning,E39,"(93, 89)",20,13.0
91,Q-Learning,E40,"(12, 97)",21,26.0
91,Q-Learning,E42,"(84, 90)",13,12.0
91,Q-Learning,E43,"(53, 98)",12,16.0
91,Q-Learning,E45,"(43, 48)",5,30.0
91,Q-Learning,E46,"(95, 62)",4,23.0
92,Greedy,E18,"(100, 4)",65,18.0
92,Greedy,E21,"(18, 51)",64,28.0
92,Greedy,E23,"(99, 21)",59,27.0
92,Greedy,E24,"(77, 81)",50,22.0
92,Greedy,E25,"(85, 30)",51,11.0
92,Greedy,E26,"(59, 98)",46,19.0
92,Greedy,E27,"(100, 61)",44,11.0
92,Greedy,E28,"(47, 53)",46,26.0
92,Greedy,E29,"(3, 94)",47,28.0
92,Greedy,E30,"(13, 48)",42,20.0
92,Greedy,E31,"(32, 78)",44,18.0
92,Greedy,E32,"(87, 31)",42,30.0
92,Greedy,E33,"(3, 99)",34,28.0
92,Greedy,E34,"(50, 33)",38,14.0
92,Greedy,E35,"(62, 47)",31,24.0
92,Greedy,E36,"(12, 68)",25,28.0
92,Greedy,E37,"(84, 80)",27,24.0
92,Greedy,E38,"(71, 98)",24,26.0
92,Greedy,E39,"(93, 89)",21,13.0
92,Greedy,E40,"(12, 97)",22,26.0
92,Greedy,E42,"(84, 90)",14,12.0
92,Greedy,E43,"(53, 98)",13,16.0
92,Greedy,E44,"(12, 88)",9,16.0
92,Greedy,E45,"(43, 48)",6,30.0
92,Greedy,E46,"(95, 62)",5,23.0
92,Greedy,E47,"(11, 7)",6,22.0
92,Auction,E17,"(10, 77)",66,28.0
92,Auction,E19,"(6, 25)",63,16.0
92,Auction,E20,"(44, 4)",59,20.0
92,Auction,E22,"(27, 21)",55,14.0
92,Auction,E23,"(99, 21)",59,27.0
92,Auction,E24,"(77, 81)",50,22.0
92,Auction,E26,"(59, 98)",46,19.0
92,Auction,E27,"(100, 61)",44,11.0
92,Auction,E29,"(3, 94)",47,28.0
92,Auction,E30,"(13, 48)",42,20.0
92,Auction,E31,"(32, 78)",44,18.0
92,Auction,E32,"(87, 31)",42,30.0
92,Auction,E33,"(3, 99)",34,28.0
92,Auction,E35,"(62, 47)",31,24.0
92,Auction,E36,"(12, 68)",25,28.0
92,Auction,E37,"(84, 80)",27,24.0
92,Auction,E38,"(71, 98)",24,26.0
92,Auction,E40,"(12, 97)",22,26.0
92,Auction,E41,"(62, 62)",20,10.0
92,Auction,E42,"(84, 90)",14,12.0
92,Auction,E43,"(53, 98)",13,16.0
92,Auction,E45,"(43, 48)",6,30.0
92,Auction,E46,"(95, 62)",5,23.0
92,Auction,E47,"(11, 7)",6,22.0
92,Q-Learning,E16,"(52, 50)",65,22.0
92,Q-Learning,E17,"(10, 77)",66,28.0
92,Q-Learning,E18,"(100, 4)",65,18.0
92,Q-Learning,E20,"(44, 4)",59,20.0
92,Q-Learning,E21,"(18, 51)",64,28.0
92,Q-Learning,E23,"(99, 21)",59,27.0
92,Q-Learning,E25,"(85, 30)",51,11.0
92,Q-Learning,E26,"(59, 98)",46,19.0
92,Q-Learning,E27,"(100, 61)",44,11.0
92,Q-Learning,E28,"(47, 53)",46,26.0
92,Q-Learning,E29,"(3, 94)",47,28.0
92,Q-Learning,E30,"(13, 48)",42,20.0
92,Q-Learning,E32,"(87, 31)",42,30.0
92,Q-Learning,E33,"(3, 99)",34,28.0
92,Q-Learning,E34,"(50, 33)",38,14.0
92,Q-Learning,E35,"(62, 47)",31,24.0
92,Q-Learning,E36,"(12, 68)",25,28.0
92,Q-Learning,E37,"(84, 80)",27,24.0
92,Q-Learning,E38,"(71, 98)",24,26.0
92,Q-Learning,E39,"(93, 89)",21,13.0
92,Q-Learning,E40,"(12, 97)",22,26.0
92,Q-Learning,E42,"(84, 90)",14,12.0
92,Q-Learning,E43,"(53, 98)",13,16.0
92,Q-Learning,E45,"(43, 48)",6,30.0
92,Q-Learning,E46,"(95, 62)",5,23.0
92,Q-Learning,E47,"(11, 7)",6,22.0
93,Greedy,E18,"(100, 4)",66,18.0
93,Greedy,E21,"(18, 51)",65,28.0
93,Greedy,E23,"(99, 21)",60,27.0
93,Greedy,E24,"(77, 81)",51,22.0
93,Greedy,E25,"(85, 30)",52,11.0
93,Greedy,E26,"(59, 98)",47,19.0
93,Greedy,E27,"(100, 61)",45,11.0
93,Greedy,E28,"(47, 53)",47,26.0
93,Greedy,E29,"(3, 94)",48,28.0
93,Greedy,E30,"(13, 48)",43,20.0
93,Greedy,E31,"(32, 78)",45,18.0
93,Greedy,E32,"(87, 31)",43,30.0
93,Greedy,E33,"(3, 99)",35,28.0
93,Greedy,E34,"(50, 33)",39,14.0
93,Greedy,E35,"(62, 47)",32,24.0
93,Greedy,E36,"(12, 68)",26,28.0
93,Greedy,E37,"(84, 80)",28,24.0
93,Greedy,E38,"(71, 98)",25,26.0
93,Greedy,E39,"(93, 89)",22,13.0
93,Greedy,E40,"(12, 97)",23,26.0
93,Greedy,E42,"(84, 90)",15,12.0
93,Greedy,E43,"(53, 98)",14,16.0
93,Greedy,E44,"(12, 88)",10,16.0
93,Greedy,E45,"(43, 48)",7,30.0
93,Greedy,E46,"(95, 62)",6,23.0
93,Greedy,E47,"(11, 7)",7,22.0
93,Greedy,E48,"(27, 16)",8,20.0
93,Auction,E17,"(10, 77)",67,28.0
93,Auction,E19,"(6, 25)",64,16.0
93,Auction,E20,"(44, 4)",60,20.0
93,Auction,E22,"(27, 21)",56,14.0
93,Auction,E23,"(99, 21)",60,27.0
93,Auction,E24,"(77, 81)",51,22.0
93,Auction,E26,"(59, 98)",47,19.0
93,Auction,E27,"(100, 61)",45,11.0
93,Auction,E29,"(3, 94)",48,28.0
93,Auction,E30,"(13, 48)",43,20.0
93,Auction,E31,"(32, 78)",45,18.0
93,Auction,E32,"(87, 31)",43,30.0
93,Auction,E33,"(3, 99)",35,28.0
93,Auction,E35,"(62, 47)",32,24.0
93,Auction,E36,"(12, 68)",26,28.0
93,Auction,E37,"(84, 80)",28,24.0
93,Auction,E38,"(71, 98)",25,26.0
93,Auction,E40,"(12, 97)",23,26.0
93,Auction,E41,"(62, 62)",21,10.0
93,Auction,E42,"(84, 90)",15,12.0
93,Auction,E43,"(53, 98)",14,16.0
93,Auction,E45,"(43, 48)",7,30.0
93,Auction,E46,"(95, 62)",6,23.0
93,Auction,E47,"(11, 7)",7,22.0
93,Auction,E48,"(27, 16)",8,20.0
93,Q-Learning,E16,"(52, 50)",66,22.0
93,Q-Learning,E17,"(10, 77)",67,28.0
93,Q-Learning,E18,"(100, 4)",66,18.0
93,Q-Learning,E20,"(44, 4)",60,20.0
93,Q-Learning,E21,"(18, 51)",65,28.0
93,Q-Learning,E23,"(99, 21)",60,27.0
93,Q-Learning,E25,"(85, 30)",52,11.0
93,Q-Learning,E26,"(59, 98)",47,19.0
93,Q-Learning,E27,"(100, 61)",45,11.0
93,Q-Learning,E28,"(47, 53)",47,26.0
93,Q-Learning,E29,"(3, 94)",48,28.0
93,Q-Learning,E30,"(13, 48)",43,20.0
93,Q-Learning,E32,"(87, 31)",43,30.0
93,Q-Learning,E33,"(3, 99)",35,28.0
93,Q-Learning,E34,"(50, 33)",39,14.0
93,Q-Learning,E35,"(62, 47)",32,24.0
93,Q-Learning,E36,"(12, 68)",26,28.0
93,Q-Learning,E37,"(84, 80)",28,24.0
93,Q-Learning,E38,"(71, 98)",25,26.0
93,Q-Learning,E39,"(93, 89)",22,13.0
93,Q-Learning,E40,"(12, 97)",23,26.0
93,Q-Learning,E42,"(84, 90)",15,12.0
93,Q-Learning,E43,"(53, 98)",14,16.0
93,Q-Learning,E45,"(43, 48)",7,30.0
93,Q-Learning,E46,"(95, 62)",6,23.0
93,Q-Learning,E47,"(11, 7)",7,22.0
93,Q-Learning,E48,"(27, 16)",8,20.0
94,Greedy,E18,"(100, 4)",67,18.0
94,Greedy,E21,"(18, 51)",66,28.0
94,Greedy,E23,"(99, 21)",61,27.0
94,Greedy,E24,"(77, 81)",52,22.0
94,Greedy,E25,"(85, 30)",53,11.0
94,Greedy,E26,"(59, 98)",48,19.0
94,Greedy,E27,"(100, 61)",46,11.0
94,Greedy,E28,"(47, 53)",48,26.0
94,Greedy,E29,"(3, 94)",49,28.0
94,Greedy,E30,"(13, 48)",44,20.0
94,Greedy,E31,"(32, 78)",46,18.0
94,Greedy,E32,"(87, 31)",44,30.0
94,Greedy,E33,"(3, 99)",36,28.0
94,Greedy,E34,"(50, 33)",40,14.0
94,Greedy,E35,"(62, 47)",33,24.0
94,Greedy,E36,"(12, 68)",27,28.0
94,Greedy,E37,"(84, 80)",29,24.0
94,Greedy,E38,"(71, 98)",26,26.0
94,Greedy,E39,"(93, 89)",23,13.0
94,Greedy,E40,"(12, 97)",24,26.0
94,Greedy,E42,"(84, 90)",16,12.0
94,Greedy,E43,"(53, 98)",15,16.0
94,Greedy,E44,"(12, 88)",11,16.0
94,Greedy,E45,"(43, 48)",8,30.0
94,Greedy,E46,"(95, 62)",7,23.0
94,Greedy,E47,"(11, 7)",8,22.0
94,Greedy,E48,"(27, 16)",9,20.0
94,Greedy,E49,"(30, 52)",10,26.0
94,Auction,E17,"(10, 77)",68,28.0
94,Auction,E19,"(6, 25)",65,16.0
94,Auction,E20,"(44, 4)",61,20.0
94,Auction,E22,"(27, 21)",57,14.0
94,Auction,E23,"(99, 21)",61,27.0
94,Auction,E24,"(77, 81)",52,22.0
94,Auction,E26,"(59, 98)",48,19.0
94,Auction,E27,"(100, 61)",46,11.0
94,Auction,E29,"(3, 94)",49,28.0
94,Auction,E30,"(13, 48)",44,20.0
94,Auction,E31,"(32, 78)",46,18.0
94,Auction,E32,"(87, 31)",44,30.0
94,Auction,E33,"(3, 99)",36,28.0
94,Auction,E35,"(62, 47)",33,24.0
94,Auction,E36,"(12, 68)",27,28.0
94,Auction,E37,"(84, 80)",29,24.0
94,Auction,E38,"(71, 98)",26,26.0
94,Auction,E40,"(12, 97)",24,26.0
94,Auction,E41,"(62, 62)",22,10.0
94,Auction,E42,"(84, 90)",16,12.0
94,Auction,E43,"(53, 98)",15,16.0
94,Auction,E45,"(43, 48)",8,30.0
94,Auction,E46,"(95, 62)",7,23.0
94,Auction,E47,"(11, 7)",8,22.0
94,Auction,E48,"(27, 16)",9,20.0
94,Auction,E49,"(30, 52)",10,26.0
94,Q-Learning,E16,"(52, 50)",67,22.0
94,Q-Learning,E17,"(10, 77)",68,28.0
94,Q-Learning,E18,"(100, 4)",67,18.0
94,Q-Learning,E20,"(44, 4)",61,20.0
94,Q-Learning,E21,"(18, 51)",66,28.0
94,Q-Learning,E23,"(99, 21)",61,27.0
94,Q-Learning,E25,"(85, 30)",53,11.0
94,Q-Learning,E26,"(59, 98)",48,19.0
94,Q-Learning,E27,"(100, 61)",46,11.0
94,Q-Learning,E28,"(47, 53)",48,26.0
94,Q-Learning,E29,"(3, 94)",49,28.0
94,Q-Learning,E30,"(13, 48)",44,20.0
94,Q-Learning,E32,"(87, 31)",44,30.0
94,Q-Learning,E33,"(3, 99)",36,28.0
94,Q-Learning,E34,"(50, 33)",40,14.0
94,Q-Learning,E35,"(62, 47)",33,24.0
94,Q-Learning,E36,"(12, 68)",27,28.0
94,Q-Learning,E37,"(84, 80)",29,24.0
94,Q-Learning,E38,"(71, 98)",26,26.0
94,Q-Learning,E39,"(93, 89)",23,13.0
94,Q-Learning,E40,"(12, 97)",24,26.0
94,Q-Learning,E42,"(84, 90)",16,12.0
94,Q-Learning,E43,"(53, 98)",15,16.0
94,Q-Learning,E45,"(43, 48)",8,30.0
94,Q-Learning,E46,"(95, 62)",7,23.0
94,Q-Learning,E47,"(11, 7)",8,22.0
94,Q-Learning,E48,"(27, 16)",9,20.0
94,Q-Learning,E49,"(30, 52)",10,26.0
95,Greedy,E18,"(100, 4)",68,18.0
95,Greedy,E21,"(18, 51)",67,28.0
95,Greedy,E23,"(99, 21)",62,27.0
95,Greedy,E24,"(77, 81)",53,22.0
95,Greedy,E25,"(85, 30)",54,11.0
95,Greedy,E26,"(59, 98)",49,19.0
95,Greedy,E27,"(100, 61)",47,11.0
95,Greedy,E28,"(47, 53)",49,26.0
95,Greedy,E29,"(3, 94)",50,28.0
95,Greedy,E30,"(13, 48)",45,20.0
95,Greedy,E31,"(32, 78)",47,18.0
95,Greedy,E32,"(87, 31)",45,30.0
95,Greedy,E33,"(3, 99)",37,28.0
95,Greedy,E34,"(50, 33)",41,14.0
95,Greedy,E35,"(62, 47)",34,24.0
95,Greedy,E36,"(12, 68)",28,28.0
95,Greedy,E37,"(84, 80)",30,24.0
95,Greedy,E38,"(71, 98)",27,26.0
95,Greedy,E39,"(93, 89)",24,13.0
95,Greedy,E40,"(12, 97)",25,26.0
95,Greedy,E42,"(84, 90)",17,12.0
95,Greedy,E43,"(53, 98)",16,16.0
95,Greedy,E44,"(12, 88)",12,16.0
95,Greedy,E45,"(43, 48)",9,30.0
95,Greedy,E46,"(95, 62)",8,23.0
95,Greedy,E47,"(11, 7)",9,22.0
95,Greedy,E48,"(27, 16)",10,20.0
95,Greedy,E49,"(30, 52)",11,26.0
95,Auction,E17,"(10, 77)",69,28.0
95,Auction,E19,"(6, 25)",66,16.0
95,Auction,E20,"(44, 4)",62,20.0
95,Auction,E22,"(27, 21)",58,14.0
95,Auction,E23,"(99, 21)",62,27.0
95,Auction,E24,"(77, 81)",53,22.0
95,Auction,E26,"(59, 98)",49,19.0
95,Auction,E27,"(100, 61)",47,11.0
95,Auction,E29,"(3, 94)",50,28.0
95,Auction,E30,"(13, 48)",45,20.0
95,Auction,E31,"(32, 78)",47,18.0
95,Auction,E32,"(87, 31)",45,30.0
95,Auction,E33,"(3, 99)",37,28.0
95,Auction,E35,"(62, 47)",34,24.0
95,Auction,E36,"(12, 68)",28,28.0
95,Auction,E37,"(84, 80)",30,24.0
95,Auction,E38,"(71, 98)",27,26.0
95,Auction,E40,"(12, 97)",25,26.0
95,Auction,E41,"(62, 62)",23,10.0
95,Auction,E42,"(84, 90)",17,12.0
95,Auction,E43,"(53, 98)",16,16.0
95,Auction,E45,"(43, 48)",9,30.0
95,Auction,E46,"(95, 62)",8,23.0
95,Auction,E47,"(11, 7)",9,22.0
95,Auction,E48,"(27, 16)",10,20.0
95,Auction,E49,"(30, 52)",11,26.0
95,Q-Learning,E16,"(52, 50)",68,22.0
95,Q-Learning,E17,"(10, 77)",69,28.0
95,Q-Learning,E18,"(100, 4)",68,18.0
95,Q-Learning,E20,"(44, 4)",62,20.0
95,Q-Learning,E21,"(18, 51)",67,28.0
95,Q-Learning,E23,"(99, 21)",62,27.0
95,Q-Learning,E25,"(85, 30)",54,11.0
95,Q-Learning,E26,"(59, 98)",49,19.0
95,Q-Learning,E27,"(100, 61)",47,11.0
95,Q-Learning,E28,"(47, 53)",49,26.0
95,Q-Learning,E29,"(3, 94)",50,28.0
95,Q-Learning,E30,"(13, 48)",45,20.0
95,Q-Learning,E32,"(87, 31)",45,30.0
95,Q-Learning,E33,"(3, 99)",37,28.0
95,Q-Learning,E34,"(50, 33)",41,14.0
95,Q-Learning,E35,"(62, 47)",34,24.0
95,Q-Learning,E36,"(12, 68)",28,28.0
95,Q-Learning,E37,"(84, 80)",30,24.0
95,Q-Learning,E38,"(71, 98)",27,26.0
95,Q-Learning,E39,"(93, 89)",24,13.0
95,Q-Learning,E40,"(12, 97)",25,26.0
95,Q-Learning,E42,"(84, 90)",17,12.0
95,Q-Learning,E43,"(53, 98)",16,16.0
95,Q-Learning,E45,"(43, 48)",9,30.0
95,Q-Learning,E46,"(95, 62)",8,23.0
95,Q-Learning,E47,"(11, 7)",9,22.0
95,Q-Learning,E48,"(27, 16)",10,20.0
95,Q-Learning,E49,"(30, 52)",11,26.0
96,Greedy,E18,"(100, 4)",69,18.0
96,Greedy,E21,"(18, 51)",68,28.0
96,Greedy,E23,"(99, 21)",63,27.0
96,Greedy,E24,"(77, 81)",54,22.0
96,Greedy,E25,"(85, 30)",55,11.0
96,Greedy,E26,"(59, 98)",50,19.0
96,Greedy,E27,"(100, 61)",48,11.0
96,Greedy,E28,"(47, 53)",50,26.0
96,Greedy,E29,"(3, 94)",51,28.0
96,Greedy,E30,"(13, 48)",46,20.0
96,Greedy,E31,"(32, 78)",48,18.0
96,Greedy,E32,"(87, 31)",46,30.0
96,Greedy,E33,"(3, 99)",38,28.0
96,Greedy,E34,"(50, 33)",42,14.0
96,Greedy,E35,"(62, 47)",35,24.0
96,Greedy,E36,"(12, 68)",29,28.0
96,Greedy,E37,"(84, 80)",31,24.0
96,Greedy,E38,"(71, 98)",28,26.0
96,Greedy,E39,"(93, 89)",25,13.0
96,Greedy,E40,"(12, 97)",26,26.0
96,Greedy,E42,"(84, 90)",18,12.0
96,Greedy,E43,"(53, 98)",17,16.0
96,Greedy,E44,"(12, 88)",13,16.0
96,Greedy,E45,"(43, 48)",10,30.0
96,Greedy,E46,"(95, 62)",9,23.0
96,Greedy,E47,"(11, 7)",10,22.0
96,Greedy,E48,"(27, 16)",11,20.0
96,Greedy,E49,"(30, 52)",12,26.0
96,Greedy,E50,"(75, 31)",5,12.0
96,Auction,E17,"(10, 77)",70,28.0
96,Auction,E19,"(6, 25)",67,16.0
96,Auction,E20,"(44, 4)",63,20.0
96,Auction,E22,"(27, 21)",59,14.0
96,Auction,E23,"(99, 21)",63,27.0
96,Auction,E24,"(77, 81)",54,22.0
96,Auction,E26,"(59, 98)",50,19.0
96,Auction,E27,"(100, 61)",48,11.0
96,Auction,E29,"(3, 94)",51,28.0
96,Auction,E30,"(13, 48)",46,20.0
96,Auction,E31,"(32, 78)",48,18.0
96,Auction,E32,"(87, 31)",46,30.0
96,Auction,E33,"(3, 99)",38,28.0
96,Auction,E35,"(62, 47)",35,24.0
96,Auction,E36,"(12, 68)",29,28.0
96,Auction,E37,"(84, 80)",31,24.0
96,Auction,E38,"(71, 98)",28,26.0
96,Auction,E40,"(12, 97)",26,26.0
96,Auction,E41,"(62, 62)",24,10.0
96,Auction,E42,"(84, 90)",18,12.0
96,Auction,E43,"(53, 98)",17,16.0
96,Auction,E45,"(43, 48)",10,30.0
96,Auction,E46,"(95, 62)",9,23.0
96,Auction,E47,"(11, 7)",10,22.0
96,Auction,E48,"(27, 16)",11,20.0
96,Auction,E49,"(30, 52)",12,26.0
96,Auction,E50,"(75, 31)",5,12.0
96,Q-Learning,E16,"(52, 50)",69,22.0
96,Q-Learning,E17,"(10, 77)",70,28.0
96,Q-Learning,E18,"(100, 4)",69,18.0
96,Q-Learning,E20,"(44, 4)",63,20.0
96,Q-Learning,E21,"(18, 51)",68,28.0
96,Q-Learning,E23,"(99, 21)",63,27.0
96,Q-Learning,E25,"(85, 30)",55,11.0
96,Q-Learning,E26,"(59, 98)",50,19.0
96,Q-Learning,E27,"(100, 61)",48,11.0
96,Q-Learning,E28,"(47, 53)",50,26.0
96,Q-Learning,E29,"(3, 94)",51,28.0
96,Q-Learning,E30,"(13, 48)",46,20.0
96,Q-Learning,E32,"(87, 31)",46,30.0
96,Q-Learning,E33,"(3, 99)",38,28.0
96,Q-Learning,E34,"(50, 33)",42,14.0
96,Q-Learning,E35,"(62, 47)",35,24.0
96,Q-Learning,E36,"(12, 68)",29,28.0
96,Q-Learning,E37,"(84, 80)",31,24.0
96,Q-Learning,E38,"(71, 98)",28,26.0
96,Q-Learning,E39,"(93, 89)",25,13.0
96,Q-Learning,E40,"(12, 97)",26,26.0
96,Q-Learning,E42,"(84, 90)",18,12.0
96,Q-Learning,E43,"(53, 98)",17,16.0
96,Q-Learning,E45,"(43, 48)",10,30.0
96,Q-Learning,E46,"(95, 62)",9,23.0
96,Q-Learning,E47,"(11, 7)",10,22.0
96,Q-Learning,E48,"(27, 16)",11,20.0
96,Q-Learning,E49,"(30, 52)",12,26.0
96,Q-Learning,E50,"(75, 31)",5,12.0
97,Greedy,E18,"(100, 4)",70,18.0
97,Greedy,E21,"(18, 51)",69,28.0
97,Greedy,E23,"(99, 21)",64,27.0
97,Greedy,E24,"(77, 81)",55,22.0
97,Greedy,E25,"(85, 30)",56,11.0
97,Greedy,E26,"(59, 98)",51,19.0
97,Greedy,E27,"(100, 61)",49,11.0
97,Greedy,E28,"(47, 53)",51,26.0
97,Greedy,E29,"(3, 94)",52,28.0
97,Greedy,E30,"(13, 48)",47,20.0
97,Greedy,E31,"(32, 78)",49,18.0
97,Greedy,E32,"(87, 31)",47,30.0
97,Greedy,E33,"(3, 99)",39,28.0
97,Greedy,E34,"(50, 33)",43,14.0
97,Greedy,E35,"(62, 47)",36,24.0
97,Greedy,E36,"(12, 68)",30,28.0
97,Greedy,E37,"(84, 80)",32,24.0
97,Greedy,E38,"(71, 98)",29,26.0
97,Greedy,E39,"(93, 89)",26,13.0
97,Greedy,E40,"(12, 97)",27,26.0
97,Greedy,E42,"(84, 90)",19,12.0
97,Greedy,E43,"(53, 98)",18,16.0
97,Greedy,E44,"(12, 88)",14,16.0
97,Greedy,E45,"(43, 48)",11,30.0
97,Greedy,E46,"(95, 62)",10,23.0
97,Greedy,E47,"(11, 7)",11,22.0
97,Greedy,E48,"(27, 16)",12,20.0
97,Greedy,E49,"(30, 52)",13,26.0
97,Greedy,E50,"(75, 31)",6,12.0
97,Greedy,E51,"(87, 78)",8,27.0
97,Auction,E17,"(10, 77)",71,28.0
97,Auction,E19,"(6, 25)",68,16.0
97,Auction,E20,"(44, 4)",64,20.0
97,Auction,E22,"(27, 21)",60,14.0
97,Auction,E23,"(99, 21)",64,27.0
97,Auction,E24,"(77, 81)",55,22.0
97,Auction,E26,"(59, 98)",51,19.0
97,Auction,E27,"(100, 61)",49,11.0
97,Auction,E29,"(3, 94)",52,28.0
97,Auction,E30,"(13, 48)",47,20.0
97,Auction,E31,"(32, 78)",49,18.0
97,Auction,E32,"(87, 31)",47,30.0
97,Auction,E33,"(3, 99)",39,28.0
97,Auction,E35,"(62, 47)",36,24.0
97,Auction,E36,"(12, 68)",30,28.0
97,Auction,E37,"(84, 80)",32,24.0
97,Auction,E38,"(71, 98)",29,26.0
97,Auction,E40,"(12, 97)",27,26.0
97,Auction,E41,"(62, 62)",25,10.0
97,Auction,E42,"(84, 90)",19,12.0
97,Auction,E43,"(53, 98)",18,16.0
97,Auction,E45,"(43, 48)",11,30.0
97,Auction,E46,"(95, 62)",10,23.0
97,Auction,E47,"(11, 7)",11,22.0
97,Auction,E48,"(27, 16)",12,20.0
97,Auction,E49,"(30, 52)",13,26.0
97,Auction,E50,"(75, 31)",6,12.0
97,Auction,E51,"(87, 78)",8,27.0
97,Q-Learning,E16,"(52, 50)",70,22.0
97,Q-Learning,E17,"(10, 77)",71,28.0
97,Q-Learning,E18,"(100, 4)",70,18.0
97,Q-Learning,E20,"(44, 4)",64,20.0
97,Q-Learning,E21,"(18, 51)",69,28.0
97,Q-Learning,E23,"(99, 21)",64,27.0
97,Q-Learning,E25,"(85, 30)",56,11.0
97,Q-Learning,E26,"(59, 98)",51,19.0
97,Q-Learning,E27,"(100, 61)",49,11.0
97,Q-Learning,E28,"(47, 53)",51,26.0
97,Q-Learning,E29,"(3, 94)",52,28.0
97,Q-Learning,E30,"(13, 48)",47,20.0
97,Q-Learning,E32,"(87, 31)",47,30.0
97,Q-Learning,E33,"(3, 99)",39,28.0
97,Q-Learning,E34,"(50, 33)",43,14.0
97,Q-Learning,E35,"(62, 47)",36,24.0
97,Q-Learning,E36,"(12, 68)",30,28.0
97,Q-Learning,E37,"(84, 80)",32,24.0
97,Q-Learning,E38,"(71, 98)",29,26.0
97,Q-Learning,E39,"(93, 89)",26,13.0
97,Q-Learning,E40,"(12, 97)",27,26.0
97,Q-Learning,E42,"(84, 90)",19,12.0
97,Q-Learning,E43,"(53, 98)",18,16.0
97,Q-Learning,E45,"(43, 48)",11,30.0
97,Q-Learning,E46,"(95, 62)",10,23.0
97,Q-Learning,E47,"(11, 7)",11,22.0
97,Q-Learning,E48,"(27, 16)",12,20.0
97,Q-Learning,E49,"(30, 52)",13,26.0
97,Q-Learning,E50,"(75, 31)",6,12.0
97,Q-Learning,E51,"(87, 78)",8,27.0
98,Greedy,E18,"(100, 4)",71,18.0
98,Greedy,E21,"(18, 51)",70,28.0
98,Greedy,E23,"(99, 21)",65,27.0
98,Greedy,E24,"(77, 81)",56,22.0
98,Greedy,E25,"(85, 30)",57,11.0
98,Greedy,E26,"(59, 98)",52,19.0
98,Greedy,E27,"(100, 61)",50,11.0
98,Greedy,E28,"(47, 53)",52,26.0
98,Greedy,E29,"(3, 94)",53,28.0
98,Greedy,E30,"(13, 48)",48,20.0
98,Greedy,E31,"(32, 78)",50,18.0
98,Greedy,E32,"(87, 31)",48,30.0
98,Greedy,E33,"(3, 99)",40,28.0
98,Greedy,E34,"(50, 33)",44,14.0
98,Greedy,E35,"(62, 47)",37,24.0
98,Greedy,E36,"(12, 68)",31,28.0
98,Greedy,E37,"(84, 80)",33,24.0
98,Greedy,E38,"(71, 98)",30,26.0
98,Greedy,E39,"(93, 89)",27,13.0
98,Greedy,E40,"(12, 97)",28,26.0
98,Greedy,E42,"(84, 90)",20,12.0
98,Greedy,E43,"(53, 98)",19,16.0
98,Greedy,E44,"(12, 88)",15,16.0
98,Greedy,E45,"(43, 48)",12,30.0
98,Greedy,E46,"(95, 62)",11,23.0
98,Greedy,E47,"(11, 7)",12,22.0
98,Greedy,E48,"(27, 16)",13,20.0
98,Greedy,E49,"(30, 52)",14,26.0
98,Greedy,E50,"(75, 31)",7,12.0
98,Greedy,E51,"(87, 78)",9,27.0
98,Auction,E17,"(10, 77)",72,28.0
98,Auction,E19,"(6, 25)",69,16.0
98,Auction,E20,"(44, 4)",65,20.0
98,Auction,E22,"(27, 21)",61,14.0
98,Auction,E23,"(99, 21)",65,27.0
98,Auction,E24,"(77, 81)",56,22.0
98,Auction,E26,"(59, 98)",52,19.0
98,Auction,E27,"(100, 61)",50,11.0
98,Auction,E29,"(3, 94)",53,28.0
98,Auction,E30,"(13, 48)",48,20.0
98,Auction,E31,"(32, 78)",50,18.0
98,Auction,E32,"(87, 31)",48,30.0
98,Auction,E33,"(3, 99)",40,28.0
98,Auction,E35,"(62, 47)",37,24.0
98,Auction,E36,"(12, 68)",31,28.0
98,Auction,E37,"(84, 80)",33,24.0
98,Auction,E38,"(71, 98)",30,26.0
98,Auction,E40,"(12, 97)",28,26.0
98,Auction,E41,"(62, 62)",26,10.0
98,Auction,E42,"(84, 90)",20,12.0
98,Auction,E43,"(53, 98)",19,16.0
98,Auction,E45,"(43, 48)",12,30.0
98,Auction,E46,"(95, 62)",11,23.0
98,Auction,E47,"(11, 7)",12,22.0
98,Auction,E48,"(27, 16)",13,20.0
98,Auction,E49,"(30, 52)",14,26.0
98,Auction,E50,"(75, 31)",7,12.0
98,Auction,E51,"(87, 78)",9,27.0
98,Q-Learning,E16,"(52, 50)",71,22.0
98,Q-Learning,E17,"(10, 77)",72,28.0
98,Q-Learning,E18,"(100, 4)",71,18.0
98,Q-Learning,E20,"(44, 4)",65,20.0
98,Q-Learning,E21,"(18, 51)",70,28.0
98,Q-Learning,E23,"(99, 21)",65,27.0
98,Q-Learning,E25,"(85, 30)",57,11.0
98,Q-Learning,E26,"(59, 98)",52,19.0
98,Q-Learning,E27,"(100, 61)",50,11.0
98,Q-Learning,E28,"(47, 53)",52,26.0
98,Q-Learning,E29,"(3, 94)",53,28.0
98,Q-Learning,E30,"(13, 48)",48,20.0
98,Q-Learning,E32,"(87, 31)",48,30.0
98,Q-Learning,E33,"(3, 99)",40,28.0
98,Q-Learning,E34,"(50, 33)",44,14.0
98,Q-Learning,E35,"(62, 47)",37,24.0
98,Q-Learning,E36,"(12, 68)",31,28.0
98,Q-Learning,E37,"(84, 80)",33,24.0
98,Q-Learning,E38,"(71, 98)",30,26.0
98,Q-Learning,E39,"(93, 89)",27,13.0
98,Q-Learning,E40,"(12, 97)",28,26.0
98,Q-Learning,E42,"(84, 90)",20,12.0
98,Q-Learning,E43,"(53, 98)",19,16.0
98,Q-Learning,E45,"(43, 48)",12,30.0
98,Q-Learning,E46,"(95, 62)",11,23.0
98,Q-Learning,E47,"(11, 7)",12,22.0
98,Q-Learning,E48,"(27, 16)",13,20.0
98,Q-Learning,E49,"(30, 52)",14,26.0
98,Q-Learning,E50,"(75, 31)",7,12.0
98,Q-Learning,E51,"(87, 78)",9,27.0
99,Greedy,E18,"(100, 4)",72,18.0
99,Greedy,E21,"(18, 51)",71,28.0
99,Greedy,E23,"(99, 21)",66,27.0
99,Greedy,E24,"(77, 81)",57,22.0
99,Greedy,E25,"(85, 30)",58,11.0
99,Greedy,E26,"(59, 98)",53,19.0
99,Greedy,E27,"(100, 61)",51,11.0
99,Greedy,E28,"(47, 53)",53,26.0
99,Greedy,E29,"(3, 94)",54,28.0
99,Greedy,E30,"(13, 48)",49,20.0
99,Greedy,E31,"(32, 78)",51,18.0
99,Greedy,E32,"(87, 31)",49,30.0
99,Greedy,E33,"(3, 99)",41,28.0
99,Greedy,E34,"(50, 33)",45,14.0
99,Greedy,E35,"(62, 47)",38,24.0
99,Greedy,E36,"(12, 68)",32,28.0
99,Greedy,E37,"(84, 80)",34,24.0
99,Greedy,E38,"(71, 98)",31,26.0
99,Greedy,E39,"(93, 89)",28,13.0
99,Greedy,E40,"(12, 97)",29,26.0
99,Greedy,E42,"(84, 90)",21,12.0
99,Greedy,E43,"(53, 98)",20,16.0
99,Greedy,E44,"(12, 88)",16,16.0
99,Greedy,E45,"(43, 48)",13,30.0
99,Greedy,E46,"(95, 62)",12,23.0
99,Greedy,E47,"(11, 7)",13,22.0
99,Greedy,E48,"(27, 16)",14,20.0
99,Greedy,E49,"(30, 52)",15,26.0
99,Greedy,E50,"(75, 31)",8,12.0
99,Greedy,E51,"(87, 78)",10,27.0
99,Greedy,E52,"(3, 87)",4,23.0
99,Auction,E17,"(10, 77)",73,28.0
99,Auction,E19,"(6, 25)",70,16.0
99,Auction,E20,"(44, 4)",66,20.0
99,Auction,E22,"(27, 21)",62,14.0
99,Auction,E23,"(99, 21)",66,27.0
99,Auction,E24,"(77, 81)",57,22.0
99,Auction,E26,"(59, 98)",53,19.0
99,Auction,E27,"(100, 61)",51,11.0
99,Auction,E29,"(3, 94)",54,28.0
99,Auction,E30,"(13, 48)",49,20.0
99,Auction,E31,"(32, 78)",51,18.0
99,Auction,E32,"(87, 31)",49,30.0
99,Auction,E33,"(3, 99)",41,28.0
99,Auction,E35,"(62, 47)",38,24.0
99,Auction,E36,"(12, 68)",32,28.0
99,Auction,E37,"(84, 80)",34,24.0
99,Auction,E38,"(71, 98)",31,26.0
99,Auction,E40,"(12, 97)",29,26.0
99,Auction,E41,"(62, 62)",27,10.0
99,Auction,E42,"(84, 90)",21,12.0
99,Auction,E43,"(53, 98)",20,16.0
99,Auction,E45,"(43, 48)",13,30.0
99,Auction,E46,"(95, 62)",12,23.0
99,Auction,E47,"(11, 7)",13,22.0
99,Auction,E48,"(27, 16)",14,20.0
99,Auction,E49,"(30, 52)",15,26.0
99,Auction,E50,"(75, 31)",8,12.0
99,Auction,E51,"(87, 78)",10,27.0
99,Auction,E52,"(3, 87)",4,23.0
99,Q-Learning,E16,"(52, 50)",72,22.0
99,Q-Learning,E17,"(10, 77)",73,28.0
99,Q-Learning,E18,"(100, 4)",72,18.0
99,Q-Learning,E20,"(44, 4)",66,20.0
99,Q-Learning,E21,"(18, 51)",71,28.0
99,Q-Learning,E23,"(99, 21)",66,27.0
99,Q-Learning,E25,"(85, 30)",58,11.0
99,Q-Learning,E26,"(59, 98)",53,19.0
99,Q-Learning,E27,"(100, 61)",51,11.0
99,Q-Learning,E28,"(47, 53)",53,26.0
99,Q-Learning,E29,"(3, 94)",54,28.0
99,Q-Learning,E30,"(13, 48)",49,20.0
99,Q-Learning,E32,"(87, 31)",49,30.0
99,Q-Learning,E33,"(3, 99)",41,28.0
99,Q-Learning,E34,"(50, 33)",45,14.0
99,Q-Learning,E35,"(62, 47)",38,24.0
99,Q-Learning,E36,"(12, 68)",32,28.0
99,Q-Learning,E37,"(84, 80)",34,24.0
99,Q-Learning,E38,"(71, 98)",31,26.0
99,Q-Learning,E39,"(93, 89)",28,13.0
99,Q-Learning,E40,"(12, 97)",29,26.0
99,Q-Learning,E42,"(84, 90)",21,12.0
99,Q-Learning,E43,"(53, 98)",20,16.0
99,Q-Learning,E45,"(43, 48)",13,30.0
99,Q-Learning,E46,"(95, 62)",12,23.0
99,Q-Learning,E47,"(11, 7)",13,22.0
99,Q-Learning,E48,"(27, 16)",14,20.0
99,Q-Learning,E49,"(30, 52)",15,26.0
99,Q-Learning,E50,"(75, 31)",8,12.0
99,Q-Learning,E51,"(87, 78)",10,27.0
99,Q-Learning,E52,"(3, 87)",4,23.0
